126
126
4200
0
52
109
165
220
274
327
373
424
468
517
560
608
651
697
738
782
829
875
920
964
1008
1052
1096
1139
1181
1222
1266
1304
1346
1382
1422
1458
1497
1532
1569
1602
1637
1671
1704
1736
1767
1794
1846
1903
1959
2014
2068
2121
2167
2218
2262
2311
2354
2402
2445
2491
2532
2576
2623
2669
2714
2758
2802
2846
2890
2933
2975
3016
3060
3098
3140
3176
3216
3252
3291
3326
3363
3396
3431
3465
3498
3530
3561
3588
3614
3642
3669
3695
3720
3744
3764
3786
3804
3824
3841
3860
3877
3894
3909
3924
3942
3959
3975
3990
4005
4020
4035
4049
4062
4074
4089
4101
4114
4124
4135
4145
4155
4164
4172
4179
4185
4190
4194
4197
4199
4200
0
1
2
3
4
5
6
7
8
9
10
11
12
13
14
15
16
17
18
19
20
21
22
23
24
25
42
43
44
45
46
47
48
49
50
51
52
53
54
55
56
57
58
59
60
61
62
63
64
65
66
67
1
2
3
4
5
6
7
8
9
10
11
12
13
14
15
16
17
18
19
22
23
24
25
26
27
28
34
35
42
43
44
45
46
47
48
49
50
51
52
53
54
55
56
57
58
59
60
61
64
65
66
67
68
69
70
76
77
2
3
4
5
6
7
8
9
10
11
12
13
14
15
16
17
18
19
20
21
24
25
26
27
28
29
30
42
43
44
45
46
47
48
49
50
51
52
53
54
55
56
57
58
59
60
61
62
63
66
67
68
69
70
71
72
3
4
5
6
7
8
9
10
11
12
13
14
15
16
17
18
19
20
21
22
23
28
29
30
31
32
42
43
44
45
46
47
48
49
50
51
52
53
54
55
56
57
58
59
60
61
62
63
64
65
70
71
72
73
74
4
5
6
7
8
9
10
11
12
13
14
15
18
19
20
21
22
23
24
25
30
31
32
33
34
42
43
44
45
46
47
48
49
50
51
52
53
54
55
56
57
60
61
62
63
64
65
66
67
72
73
74
75
76
5
6
7
8
9
10
11
12
13
14
15
16
17
20
21
22
23
24
25
26
32
33
34
35
42
43
44
45
46
47
48
49
50
51
52
53
54
55
56
57
58
59
62
63
64
65
66
67
68
74
75
76
77
6
7
8
9
13
14
15
16
17
18
23
24
25
26
27
28
34
35
36
40
42
43
44
45
46
47
48
49
50
51
55
56
57
58
59
60
65
66
67
68
69
70
76
77
78
82
7
8
9
10
11
13
14
15
16
17
18
19
24
25
26
27
28
29
35
36
37
40
42
43
44
45
46
47
48
49
50
51
52
53
55
56
57
58
59
60
61
66
67
68
69
70
71
77
78
79
82
8
9
10
11
15
16
17
18
19
20
25
26
27
28
29
30
36
37
42
43
44
45
46
47
48
49
50
51
52
53
57
58
59
60
61
62
67
68
69
70
71
72
78
79
9
10
11
12
13
15
16
17
18
19
20
21
27
28
29
30
31
36
37
38
42
43
44
45
46
47
48
49
50
51
52
53
54
55
57
58
59
60
61
62
63
69
70
71
72
73
78
79
80
10
11
12
13
17
18
19
20
21
22
28
29
30
31
32
37
38
42
43
44
45
46
47
49
50
51
52
53
54
55
59
60
61
62
63
64
70
71
72
73
74
79
80
11
12
13
14
15
18
19
20
21
22
23
29
30
31
32
33
37
38
39
42
43
44
45
46
47
49
50
51
52
53
54
55
56
57
60
61
62
63
64
65
71
72
73
74
75
79
80
81
12
13
14
15
19
20
21
22
23
24
30
31
32
33
34
38
39
42
43
44
45
46
47
51
52
53
54
55
56
57
61
62
63
64
65
66
72
73
74
75
76
80
81
13
14
15
20
21
22
23
24
25
31
32
33
34
35
38
39
40
42
43
44
45
46
47
48
49
51
52
53
54
55
56
57
62
63
64
65
66
67
73
74
75
76
77
80
81
82
14
15
16
21
22
23
24
25
26
32
33
34
35
39
40
42
43
44
45
46
47
48
49
53
54
55
56
57
58
63
64
65
66
67
68
74
75
76
77
81
82
15
16
17
22
23
24
25
26
27
33
34
35
36
39
40
42
43
44
45
46
47
48
49
50
51
53
54
55
56
57
58
59
64
65
66
67
68
69
75
76
77
78
81
82
16
17
18
19
23
24
25
26
27
28
29
34
35
36
37
39
40
41
42
43
44
45
47
48
49
50
51
56
57
58
59
60
61
65
66
67
68
69
70
71
76
77
78
79
81
82
83
17
18
19
20
24
25
26
27
28
29
30
35
36
37
38
40
41
42
43
44
45
47
48
49
50
51
52
57
58
59
60
61
62
66
67
68
69
70
71
72
77
78
79
80
82
83
18
19
20
21
25
26
27
28
29
30
31
36
37
38
40
41
42
43
44
45
46
48
49
50
51
52
53
58
59
60
61
62
63
67
68
69
70
71
72
73
78
79
80
82
83
19
20
21
22
27
28
29
30
31
32
36
37
38
39
41
42
43
44
45
46
49
50
51
52
53
54
58
59
60
61
62
63
64
69
70
71
72
73
74
78
79
80
81
83
20
21
22
23
28
29
30
31
32
33
36
37
38
39
41
42
44
45
46
47
50
51
52
53
54
55
59
60
61
62
63
64
65
70
71
72
73
74
75
78
79
80
81
83
21
22
23
24
29
30
31
32
33
34
37
38
39
40
41
42
44
45
46
47
51
52
53
54
55
56
60
61
62
63
64
65
66
71
72
73
74
75
76
79
80
81
82
83
22
23
24
25
30
31
32
33
34
35
37
38
39
40
41
42
43
45
46
47
52
53
54
55
56
57
61
62
63
64
65
66
67
72
73
74
75
76
77
79
80
81
82
83
23
24
25
26
31
32
33
34
35
36
38
39
40
41
42
43
45
46
47
48
53
54
55
56
57
58
62
63
64
65
66
67
68
73
74
75
76
77
78
80
81
82
83
24
25
26
27
32
33
34
35
36
38
39
40
41
42
43
44
46
47
48
49
54
55
56
57
58
59
63
64
65
66
67
68
69
74
75
76
77
78
80
81
82
83
25
26
27
28
33
34
35
36
37
39
40
41
42
43
44
46
47
48
49
50
55
56
57
58
59
60
64
65
66
67
68
69
70
75
76
77
78
79
81
82
83
26
27
28
29
30
32
33
34
35
36
37
38
39
40
41
43
44
47
48
49
50
56
57
58
59
60
65
66
67
68
69
70
71
72
74
75
76
77
78
79
80
81
82
83
27
28
29
30
34
35
36
37
38
39
40
41
43
44
48
49
50
51
57
58
59
60
61
66
67
68
69
70
71
72
76
77
78
79
80
81
82
83
28
29
30
31
32
34
35
36
37
38
39
40
41
43
44
45
48
49
50
51
52
58
59
60
61
62
67
68
69
70
71
72
73
74
76
77
78
79
80
81
82
83
29
30
31
32
36
37
38
39
40
41
44
45
49
50
51
52
53
58
59
60
61
62
63
68
69
70
71
72
73
74
78
79
80
81
82
83
30
31
32
33
34
36
37
38
39
40
41
44
45
46
50
51
52
53
54
59
60
61
62
63
64
68
69
70
71
72
73
74
75
76
78
79
80
81
82
83
31
32
33
34
36
37
38
39
40
41
45
46
51
52
53
54
55
60
61
62
63
64
65
70
71
72
73
74
75
76
78
79
80
81
82
83
32
33
34
35
36
37
38
39
40
41
45
46
47
52
53
54
55
56
61
62
63
64
65
66
68
70
71
72
73
74
75
76
77
78
79
80
81
82
83
33
34
35
36
37
38
39
40
41
46
47
53
54
55
56
57
62
63
64
65
66
67
68
72
73
74
75
76
77
78
79
80
81
82
83
34
35
36
37
38
39
40
41
43
46
47
48
54
55
56
57
58
63
64
65
66
67
68
69
70
72
73
74
75
76
77
78
79
80
81
82
83
35
36
37
38
39
40
41
43
47
48
49
55
56
57
58
59
64
65
66
67
68
69
70
74
75
76
77
78
79
80
81
82
83
36
37
38
39
40
41
48
49
50
51
57
58
59
60
61
62
65
66
67
68
69
70
71
72
73
74
75
76
77
78
79
80
81
82
83
37
38
39
40
41
49
50
51
52
53
58
59
60
61
62
63
64
67
68
69
70
71
72
73
74
75
76
77
78
79
80
81
82
83
38
39
40
41
51
52
53
54
55
59
60
61
62
63
64
65
66
68
69
70
71
72
73
74
75
76
77
78
79
80
81
82
83
39
40
41
53
54
55
56
57
58
61
62
63
64
65
66
67
68
69
70
71
72
73
74
75
76
77
78
79
80
81
82
83
40
41
48
49
55
56
57
58
59
60
63
64
65
66
67
68
69
70
71
72
73
74
75
76
77
78
79
80
81
82
83
41
58
59
60
61
62
63
64
65
66
67
68
69
70
71
72
73
74
75
76
77
78
79
80
81
82
83
42
43
44
45
46
47
48
49
50
51
52
53
54
55
56
57
58
59
60
61
62
63
64
65
66
67
84
85
86
87
88
89
90
91
92
93
94
95
96
97
98
99
100
101
102
103
104
105
106
107
108
109
43
44
45
46
47
48
49
50
51
52
53
54
55
56
57
58
59
60
61
64
65
66
67
68
69
70
76
77
84
85
86
87
88
89
90
91
92
93
94
95
96
97
98
99
100
101
102
103
106
107
108
109
110
111
112
118
119
44
45
46
47
48
49
50
51
52
53
54
55
56
57
58
59
60
61
62
63
66
67
68
69
70
71
72
84
85
86
87
88
89
90
91
92
93
94
95
96
97
98
99
100
101
102
103
104
105
108
109
110
111
112
113
114
45
46
47
48
49
50
51
52
53
54
55
56
57
58
59
60
61
62
63
64
65
70
71
72
73
74
84
85
86
87
88
89
90
91
92
93
94
95
96
97
98
99
100
101
102
103
104
105
106
107
112
113
114
115
116
46
47
48
49
50
51
52
53
54
55
56
57
60
61
62
63
64
65
66
67
72
73
74
75
76
84
85
86
87
88
89
90
91
92
93
94
95
96
97
98
99
102
103
104
105
106
107
108
109
114
115
116
117
118
47
48
49
50
51
52
53
54
55
56
57
58
59
62
63
64
65
66
67
68
74
75
76
77
84
85
86
87
88
89
90
91
92
93
94
95
96
97
98
99
100
101
104
105
106
107
108
109
110
116
117
118
119
48
49
50
51
55
56
57
58
59
60
65
66
67
68
69
70
76
77
78
82
84
85
86
87
88
89
90
91
92
93
97
98
99
100
101
102
107
108
109
110
111
112
118
119
120
124
49
50
51
52
53
55
56
57
58
59
60
61
66
67
68
69
70
71
77
78
79
82
84
85
86
87
88
89
90
91
92
93
94
95
97
98
99
100
101
102
103
108
109
110
111
112
113
119
120
121
124
50
51
52
53
57
58
59
60
61
62
67
68
69
70
71
72
78
79
84
85
86
87
88
89
90
91
92
93
94
95
99
100
101
102
103
104
109
110
111
112
113
114
120
121
51
52
53
54
55
57
58
59
60
61
62
63
69
70
71
72
73
78
79
80
84
85
86
87
88
89
90
91
92
93
94
95
96
97
99
100
101
102
103
104
105
111
112
113
114
115
120
121
122
52
53
54
55
59
60
61
62
63
64
70
71
72
73
74
79
80
84
85
86
87
88
89
91
92
93
94
95
96
97
101
102
103
104
105
106
112
113
114
115
116
121
122
53
54
55
56
57
60
61
62
63
64
65
71
72
73
74
75
79
80
81
84
85
86
87
88
89
91
92
93
94
95
96
97
98
99
102
103
104
105
106
107
113
114
115
116
117
121
122
123
54
55
56
57
61
62
63
64
65
66
72
73
74
75
76
80
81
84
85
86
87
88
89
93
94
95
96
97
98
99
103
104
105
106
107
108
114
115
116
117
118
122
123
55
56
57
62
63
64
65
66
67
73
74
75
76
77
80
81
82
84
85
86
87
88
89
90
91
93
94
95
96
97
98
99
104
105
106
107
108
109
115
116
117
118
119
122
123
124
56
57
58
63
64
65
66
67
68
74
75
76
77
81
82
84
85
86
87
88
89
90
91
95
96
97
98
99
100
105
106
107
108
109
110
116
117
118
119
123
124
57
58
59
64
65
66
67
68
69
75
76
77
78
81
82
84
85
86
87
88
89
90
91
92
93
95
96
97
98
99
100
101
106
107
108
109
110
111
117
118
119
120
123
124
58
59
60
61
65
66
67
68
69
70
71
76
77
78
79
81
82
83
84
85
86
87
89
90
91
92
93
98
99
100
101
102
103
107
108
109
110
111
112
113
118
119
120
121
123
124
125
59
60
61
62
66
67
68
69
70
71
72
77
78
79
80
82
83
84
85
86
87
89
90
91
92
93
94
99
100
101
102
103
104
108
109
110
111
112
113
114
119
120
121
122
124
125
60
61
62
63
67
68
69
70
71
72
73
78
79
80
82
83
84
85
86
87
88
90
91
92
93
94
95
100
101
102
103
104
105
109
110
111
112
113
114
115
120
121
122
124
125
61
62
63
64
69
70
71
72
73
74
78
79
80
81
83
84
85
86
87
88
91
92
93
94
95
96
100
101
102
103
104
105
106
111
112
113
114
115
116
120
121
122
123
125
62
63
64
65
70
71
72
73
74
75
78
79
80
81
83
84
86
87
88
89
92
93
94
95
96
97
101
102
103
104
105
106
107
112
113
114
115
116
117
120
121
122
123
125
63
64
65
66
71
72
73
74
75
76
79
80
81
82
83
84
86
87
88
89
93
94
95
96
97
98
102
103
104
105
106
107
108
113
114
115
116
117
118
121
122
123
124
125
64
65
66
67
72
73
74
75
76
77
79
80
81
82
83
84
85
87
88
89
94
95
96
97
98
99
103
104
105
106
107
108
109
114
115
116
117
118
119
121
122
123
124
125
65
66
67
68
73
74
75
76
77
78
80
81
82
83
84
85
87
88
89
90
95
96
97
98
99
100
104
105
106
107
108
109
110
115
116
117
118
119
120
122
123
124
125
66
67
68
69
74
75
76
77
78
80
81
82
83
84
85
86
88
89
90
91
96
97
98
99
100
101
105
106
107
108
109
110
111
116
117
118
119
120
122
123
124
125
67
68
69
70
75
76
77
78
79
81
82
83
84
85
86
88
89
90
91
92
97
98
99
100
101
102
106
107
108
109
110
111
112
117
118
119
120
121
123
124
125
68
69
70
71
72
74
75
76
77
78
79
80
81
82
83
85
86
89
90
91
92
98
99
100
101
102
107
108
109
110
111
112
113
114
116
117
118
119
120
121
122
123
124
125
69
70
71
72
76
77
78
79
80
81
82
83
85
86
90
91
92
93
99
100
101
102
103
108
109
110
111
112
113
114
118
119
120
121
122
123
124
125
70
71
72
73
74
76
77
78
79
80
81
82
83
85
86
87
90
91
92
93
94
100
101
102
103
104
109
110
111
112
113
114
115
116
118
119
120
121
122
123
124
125
71
72
73
74
78
79
80
81
82
83
86
87
91
92
93
94
95
100
101
102
103
104
105
110
111
112
113
114
115
116
120
121
122
123
124
125
72
73
74
75
76
78
79
80
81
82
83
86
87
88
92
93
94
95
96
101
102
103
104
105
106
110
111
112
113
114
115
116
117
118
120
121
122
123
124
125
73
74
75
76
78
79
80
81
82
83
87
88
93
94
95
96
97
102
103
104
105
106
107
112
113
114
115
116
117
118
120
121
122
123
124
125
74
75
76
77
78
79
80
81
82
83
87
88
89
94
95
96
97
98
103
104
105
106
107
108
110
112
113
114
115
116
117
118
119
120
121
122
123
124
125
75
76
77
78
79
80
81
82
83
88
89
95
96
97
98
99
104
105
106
107
108
109
110
114
115
116
117
118
119
120
121
122
123
124
125
76
77
78
79
80
81
82
83
85
88
89
90
96
97
98
99
100
105
106
107
108
109
110
111
112
114
115
116
117
118
119
120
121
122
123
124
125
77
78
79
80
81
82
83
85
89
90
91
97
98
99
100
101
106
107
108
109
110
111
112
116
117
118
119
120
121
122
123
124
125
78
79
80
81
82
83
90
91
92
93
99
100
101
102
103
104
107
108
109
110
111
112
113
114
115
116
117
118
119
120
121
122
123
124
125
79
80
81
82
83
91
92
93
94
95
100
101
102
103
104
105
106
109
110
111
112
113
114
115
116
117
118
119
120
121
122
123
124
125
80
81
82
83
93
94
95
96
97
101
102
103
104
105
106
107
108
110
111
112
113
114
115
116
117
118
119
120
121
122
123
124
125
81
82
83
95
96
97
98
99
100
103
104
105
106
107
108
109
110
111
112
113
114
115
116
117
118
119
120
121
122
123
124
125
82
83
90
91
97
98
99
100
101
102
105
106
107
108
109
110
111
112
113
114
115
116
117
118
119
120
121
122
123
124
125
83
100
101
102
103
104
105
106
107
108
109
110
111
112
113
114
115
116
117
118
119
120
121
122
123
124
125
84
85
86
87
88
89
90
91
92
93
94
95
96
97
98
99
100
101
102
103
104
105
106
107
108
109
85
86
87
88
89
90
91
92
93
94
95
96
97
98
99
100
101
102
103
106
107
108
109
110
111
112
118
119
86
87
88
89
90
91
92
93
94
95
96
97
98
99
100
101
102
103
104
105
108
109
110
111
112
113
114
87
88
89
90
91
92
93
94
95
96
97
98
99
100
101
102
103
104
105
106
107
112
113
114
115
116
88
89
90
91
92
93
94
95
96
97
98
99
102
103
104
105
106
107
108
109
114
115
116
117
118
89
90
91
92
93
94
95
96
97
98
99
100
101
104
105
106
107
108
109
110
116
117
118
119
90
91
92
93
97
98
99
100
101
102
107
108
109
110
111
112
118
119
120
124
91
92
93
94
95
97
98
99
100
101
102
103
108
109
110
111
112
113
119
120
121
124
92
93
94
95
99
100
101
102
103
104
109
110
111
112
113
114
120
121
93
94
95
96
97
99
100
101
102
103
104
105
111
112
113
114
115
120
121
122
94
95
96
97
101
102
103
104
105
106
112
113
114
115
116
121
122
95
96
97
98
99
102
103
104
105
106
107
113
114
115
116
117
121
122
123
96
97
98
99
103
104
105
106
107
108
114
115
116
117
118
122
123
97
98
99
104
105
106
107
108
109
115
116
117
118
119
122
123
124
98
99
100
105
106
107
108
109
110
116
117
118
119
123
124
99
100
101
106
107
108
109
110
111
117
118
119
120
123
124
100
101
102
103
107
108
109
110
111
112
113
118
119
120
121
123
124
125
101
102
103
104
108
109
110
111
112
113
114
119
120
121
122
124
125
102
103
104
105
109
110
111
112
113
114
115
120
121
122
124
125
103
104
105
106
111
112
113
114
115
116
120
121
122
123
125
104
105
106
107
112
113
114
115
116
117
120
121
122
123
125
105
106
107
108
113
114
115
116
117
118
121
122
123
124
125
106
107
108
109
114
115
116
117
118
119
121
122
123
124
125
107
108
109
110
115
116
117
118
119
120
122
123
124
125
108
109
110
111
116
117
118
119
120
122
123
124
125
109
110
111
112
117
118
119
120
121
123
124
125
110
111
112
113
114
116
117
118
119
120
121
122
123
124
125
111
112
113
114
118
119
120
121
122
123
124
125
112
113
114
115
116
118
119
120
121
122
123
124
125
113
114
115
116
120
121
122
123
124
125
114
115
116
117
118
120
121
122
123
124
125
115
116
117
118
120
121
122
123
124
125
116
117
118
119
120
121
122
123
124
125
117
118
119
120
121
122
123
124
125
118
119
120
121
122
123
124
125
119
120
121
122
123
124
125
120
121
122
123
124
125
121
122
123
124
125
122
123
124
125
123
124
125
124
125
125
21.2342795067608
-5.23846541513429
-5.23846541513429
-5.23846541513429
-5.23846541513429
-5.23846541513429
0.680589000406037
0.526212292112185
0.680589000406038
0.526212292112185
0.680589000406038
0.526212292112185
0.680589000406038
0.526212292112185
0.680589000406038
0.526212292112185
-0.0462829372982511
-0.0462829372982511
-0.0462829372982512
-0.0462829372982512
-0.0462829372982512
-0.0462829372982511
-0.0462829372982511
-0.0462829372982511
-0.0462829372982511
-0.0462829372982511
-21.0945089635285
5.2066189570017
5.2066189570017
5.2066189570017
5.2066189570017
5.2066189570017
-0.677284417047551
-0.52356368391935
-0.677284417047552
-0.52356368391935
-0.677284417047552
-0.52356368391935
-0.677284417047552
-0.52356368391935
-0.677284417047552
-0.52356368391935
0.046127534855723
0.046127534855723
0.046127534855723
0.046127534855723
0.046127534855723
0.046127534855723
0.046127534855723
0.046127534855723
0.046127534855723
0.046127534855723
15.6275798232194
-3.08946470299053
1.11338277640146
1.11338277640146
-3.08946470299053
-6.17070544899956
-1.40303182358256
0.807164658627774
0.149574950611611
-0.0679572950813753
-0.0496868523494796
-0.0679572950813753
0.149574950611611
0.807164658627774
-1.40303182358256
0.833137285623792
0.131026257650013
-0.0496145575730046
-0.00778166669504478
-0.00778166669504478
-0.0496145575730046
0.131026257650013
0.833137285623792
-0.0565194229952645
-0.0355350219572513
-0.00727531045961911
-0.00727531045961911
-0.0355350219572513
5.2066189570017
-15.5136899848789
3.06910943810273
-1.10789770415608
-1.10789770415608
3.06910943810273
6.13287888290249
1.3928433668906
-0.803145566722688
-0.148710669151357
0.0677291174794397
0.0495200207120041
0.0677291174794397
-0.148710669151357
-0.803145566722688
1.39284336689061
-0.828983764019007
-0.130237187834341
0.0494479686769259
0.00775553849139259
0.00775553849139259
0.0494479686769258
-0.130237187834341
-0.828983764019007
0.0563296498975212
0.0354157073776285
0.00725088242886795
0.00725088242886795
0.0354157073776285
15.6275798232195
-3.08946470299053
1.11338277640146
1.11338277640146
0.807164658627774
-1.40303182358256
-6.17070544899956
-1.40303182358256
0.807164658627775
0.149574950611611
-0.0679572950813753
-0.0496868523494796
-0.0679572950813753
0.149574950611611
0.131026257650013
0.833137285623792
0.833137285623793
0.131026257650013
-0.0496145575730047
-0.00778166669504478
-0.00778166669504478
-0.0496145575730046
-0.00727531045961911
-0.0355350219572513
-0.0565194229952645
-0.0355350219572513
-0.00727531045961911
5.2066189570017
3.06910943810273
-15.5136899848789
3.06910943810273
-1.10789770415608
-1.10789770415608
-0.803145566722688
1.3928433668906
6.13287888290249
1.3928433668906
-0.803145566722689
-0.148710669151357
0.0677291174794397
0.0495200207120041
0.0677291174794397
-0.148710669151357
-0.130237187834341
-0.828983764019007
-0.828983764019007
-0.130237187834341
0.0494479686769259
0.00775553849139259
0.00775553849139259
0.0494479686769258
0.00725088242886795
0.0354157073776285
0.0563296498975212
0.0354157073776285
0.00725088242886795
15.6275798232194
-3.08946470299053
1.11338277640146
-0.0679572950813753
0.149574950611611
0.807164658627774
-1.40303182358256
-6.17070544899956
-1.40303182358256
0.807164658627774
0.149574950611611
-0.0679572950813753
-0.0496868523494796
-0.00778166669504478
-0.0496145575730046
0.131026257650013
0.833137285623792
0.833137285623793
0.131026257650013
-0.0496145575730046
-0.00778166669504478
-0.00727531045961911
-0.0355350219572513
-0.0565194229952644
-0.0355350219572513
-0.00727531045961911
5.2066189570017
-1.10789770415608
3.06910943810273
-15.5136899848789
3.06910943810273
-1.10789770415608
0.0677291174794397
-0.148710669151357
-0.803145566722688
1.3928433668906
6.13287888290249
1.3928433668906
-0.803145566722688
-0.148710669151357
0.0677291174794397
0.0495200207120041
0.00775553849139259
0.0494479686769259
-0.130237187834341
-0.828983764019007
-0.828983764019007
-0.130237187834341
0.0494479686769258
0.00775553849139259
0.00725088242886795
0.0354157073776285
0.0563296498975212
0.0354157073776285
0.00725088242886795
15.6275798232195
-3.08946470299053
-0.0679572950813753
-0.0496868523494796
-0.0679572950813753
0.149574950611611
0.807164658627774
-1.40303182358256
-6.17070544899956
-1.40303182358256
0.807164658627774
0.149574950611611
-0.00778166669504478
-0.0496145575730046
0.131026257650013
0.833137285623793
0.833137285623792
0.131026257650013
-0.0496145575730046
-0.00778166669504479
-0.00727531045961911
-0.0355350219572513
-0.0565194229952645
-0.0355350219572513
-0.00727531045961911
5.2066189570017
-1.10789770415608
-1.10789770415608
3.06910943810273
-15.5136899848789
3.06910943810273
0.0677291174794397
0.0495200207120041
0.0677291174794397
-0.148710669151357
-0.803145566722688
1.3928433668906
6.13287888290249
1.3928433668906
-0.803145566722688
-0.148710669151357
0.0077555384913926
0.0494479686769259
-0.130237187834341
-0.828983764019008
-0.828983764019007
-0.130237187834341
0.0494479686769259
0.0077555384913926
0.00725088242886795
0.0354157073776285
0.0563296498975212
0.0354157073776285
0.00725088242886795
15.6275798232194
0.807164658627774
0.149574950611611
-0.0679572950813753
-0.0496868523494796
-0.0679572950813753
0.149574950611611
0.807164658627775
-1.40303182358256
-6.17070544899956
-1.40303182358256
-0.0496145575730046
-0.00778166669504478
-0.00778166669504479
-0.0496145575730047
0.131026257650013
0.833137285623793
0.833137285623793
0.131026257650013
-0.00727531045961911
-0.0072753104596191
-0.0355350219572513
-0.0565194229952645
-0.0355350219572513
5.2066189570017
3.06910943810273
-1.10789770415608
-1.10789770415608
3.06910943810273
-15.5136899848789
-0.803145566722688
-0.148710669151357
0.0677291174794396
0.0495200207120041
0.0677291174794397
-0.148710669151357
-0.803145566722689
1.3928433668906
6.13287888290249
1.3928433668906
0.0494479686769258
0.00775553849139259
0.0077555384913926
0.0494479686769259
-0.130237187834341
-0.828983764019007
-0.828983764019007
-0.130237187834341
0.00725088242886795
0.00725088242886795
0.0354157073776285
0.0563296498975212
0.0354157073776285
18.8702185453662
-5.32620529180682
0.622636560677927
-0.0542102640777324
-0.0542102640777324
0.622636560677927
-5.32620529180682
-3.55092619860305
0.745486186649651
-0.0497047390401422
-0.0497047390401421
0.74548618664965
-3.55092619860304
0.631795935533618
0.29875607858691
-0.0441217848253685
-0.0441217848253685
0.29875607858691
-0.0355350219572513
-0.0355350219572513
-0.677284417047551
6.13287888290249
-0.803145566722688
0.0677291174794397
0.0677291174794397
-0.803145566722688
-18.7409764854712
5.29325773163437
-0.619563495696732
0.054028244354276
0.054028244354276
-0.619563495696731
5.29325773163436
3.52845949600695
-0.741772766018512
0.0495378473452118
0.0495378473452117
-0.741772766018511
3.52845949600695
-0.62863120203515
-0.297231268501182
0.0439736388015676
0.0439736388015676
-0.297231268501182
0.0354157073776285
0.0354157073776285
14.9024166087024
-5.32620529180682
0.910855251133387
-0.0542102640777324
-0.00514956554519601
-0.005149565545196
-0.0542102640777324
0.910855251133386
-2.78624941707413
-2.78624941707413
0.840322232939998
-0.0581434320327346
-0.0581434320327345
0.840322232939998
0.244796287295971
0.631795935533618
0.244796287295971
-0.0441217848253685
-0.0441217848253685
-0.0565194229952645
-0.00727531045961911
-0.00727531045961911
-0.52356368391935
1.3928433668906
1.3928433668906
-0.148710669151357
0.0495200207120041
-0.148710669151357
5.29325773163437
-14.7922581633177
5.29325773163437
-0.906340291544156
0.054028244354276
0.00513227504657174
0.00513227504657174
0.054028244354276
-0.906340291544155
2.76746503505692
2.76746503505693
-0.83611046700701
0.0579482060621651
0.057948206062165
-0.83611046700701
-0.243452655930834
-0.62863120203515
-0.243452655930833
0.0439736388015676
0.0439736388015676
0.0563296498975212
0.00725088242886795
0.00725088242886795
18.8702185453662
-5.32620529180682
0.622636560677927
-0.0542102640777324
-0.0542102640777324
0.745486186649651
-3.55092619860304
-3.55092619860304
0.745486186649651
-0.0497047390401422
-0.0497047390401421
-0.0441217848253685
0.29875607858691
0.631795935533618
0.29875607858691
-0.0441217848253685
-0.0355350219572513
-0.0355350219572513
-0.677284417047552
-0.803145566722688
6.13287888290249
-0.803145566722688
0.0677291174794397
0.0677291174794396
-0.619563495696732
5.29325773163437
-18.7409764854712
5.29325773163437
-0.619563495696732
0.054028244354276
0.054028244354276
-0.741772766018512
3.52845949600695
3.52845949600695
-0.741772766018512
0.0495378473452117
0.0495378473452117
0.0439736388015676
-0.297231268501182
-0.62863120203515
-0.297231268501182
0.0439736388015676
0.0354157073776285
0.0354157073776285
14.9024166087024
-5.32620529180682
0.910855251133387
-0.0542102640777324
-0.005149565545196
-0.00514956554519601
-0.0581434320327346
0.840322232939998
-2.78624941707413
-2.78624941707413
0.840322232939998
-0.0581434320327345
-0.0441217848253685
0.244796287295971
0.631795935533618
0.244796287295971
-0.0441217848253685
-0.00727531045961911
-0.0565194229952645
-0.00727531045961911
-0.52356368391935
-0.148710669151357
1.3928433668906
1.3928433668906
-0.148710669151357
0.0495200207120041
0.054028244354276
-0.906340291544156
5.29325773163437
-14.7922581633177
5.29325773163437
-0.906340291544155
0.054028244354276
0.00513227504657174
0.00513227504657174
0.0579482060621651
-0.83611046700701
2.76746503505693
2.76746503505693
-0.83611046700701
0.057948206062165
0.0439736388015676
-0.243452655930834
-0.62863120203515
-0.243452655930834
0.0439736388015676
0.00725088242886795
0.0563296498975212
0.00725088242886795
18.8702185453662
-5.32620529180682
0.622636560677927
-0.0542102640777324
-0.0497047390401422
0.745486186649651
-3.55092619860304
-3.55092619860304
0.74548618664965
-0.0497047390401421
-0.0441217848253685
0.29875607858691
0.631795935533618
0.29875607858691
-0.0441217848253685
-0.0355350219572513
-0.0355350219572513
-0.677284417047552
0.0677291174794397
-0.803145566722689
6.13287888290249
-0.803145566722688
0.0677291174794397
0.054028244354276
-0.619563495696732
5.29325773163437
-18.7409764854712
5.29325773163437
-0.619563495696732
0.054028244354276
0.0495378473452117
-0.741772766018512
3.52845949600695
3.52845949600695
-0.741772766018511
0.0495378473452117
0.0439736388015676
-0.297231268501182
-0.62863120203515
-0.297231268501182
0.0439736388015676
0.0354157073776285
0.0354157073776285
14.9024166087024
-5.32620529180682
0.910855251133387
-0.0542102640777324
-0.00514956554519601
-0.0581434320327346
0.840322232939998
-2.78624941707414
-2.78624941707413
0.840322232939998
-0.0581434320327346
-0.0441217848253685
0.244796287295971
0.631795935533618
0.244796287295971
-0.0441217848253685
-0.00727531045961911
-0.0565194229952645
-0.00727531045961911
-0.52356368391935
0.0495200207120041
-0.148710669151357
1.3928433668906
1.3928433668906
-0.148710669151357
0.00513227504657174
0.054028244354276
-0.906340291544155
5.29325773163437
-14.7922581633177
5.29325773163437
-0.906340291544155
0.054028244354276
0.00513227504657174
0.0579482060621651
-0.83611046700701
2.76746503505693
2.76746503505692
-0.83611046700701
0.0579482060621651
0.0439736388015676
-0.243452655930834
-0.62863120203515
-0.243452655930834
0.0439736388015676
0.00725088242886796
0.0563296498975212
0.00725088242886796
18.8702185453662
-5.32620529180682
0.622636560677928
-0.0542102640777324
-0.0497047390401422
0.745486186649651
-3.55092619860305
-3.55092619860304
0.745486186649651
-0.0497047390401422
-0.0441217848253685
0.29875607858691
0.631795935533618
0.29875607858691
-0.0441217848253685
-0.0355350219572513
-0.0355350219572513
-0.677284417047552
0.0677291174794397
0.0677291174794397
-0.803145566722688
6.13287888290249
-0.803145566722689
0.054028244354276
-0.619563495696732
5.29325773163437
-18.7409764854712
5.29325773163437
-0.619563495696732
0.0540282443542761
0.0495378473452117
-0.741772766018512
3.52845949600695
3.52845949600694
-0.741772766018512
0.0495378473452118
0.0439736388015676
-0.297231268501182
-0.628631202035151
-0.297231268501181
0.0439736388015676
0.0354157073776285
0.0354157073776285
14.9024166087024
-5.32620529180682
0.910855251133387
-0.0581434320327346
0.84032223294
-2.78624941707413
-2.78624941707413
0.840322232939999
-0.0581434320327346
-0.0441217848253685
0.24479628729597
0.631795935533618
0.244796287295971
-0.0441217848253685
-0.00727531045961911
-0.0565194229952645
-0.00727531045961911
-0.52356368391935
-0.148710669151357
0.0495200207120041
-0.148710669151357
1.3928433668906
1.3928433668906
0.054028244354276
0.00513227504657174
0.00513227504657174
0.054028244354276
-0.906340291544155
5.29325773163437
-14.7922581633177
5.29325773163437
-0.906340291544155
0.0579482060621651
-0.836110467007012
2.76746503505693
2.76746503505693
-0.836110467007011
0.0579482060621651
0.0439736388015676
-0.243452655930833
-0.62863120203515
-0.243452655930834
0.0439736388015676
0.00725088242886795
0.0563296498975212
0.00725088242886795
18.8702185453662
-5.32620529180682
-0.0497047390401421
-0.0497047390401422
0.745486186649651
-3.55092619860304
-3.55092619860304
0.745486186649651
-0.0441217848253685
-0.0441217848253685
0.29875607858691
0.631795935533618
0.29875607858691
-0.0355350219572513
-0.0355350219572513
-0.677284417047552
-0.803145566722688
0.0677291174794397
0.0677291174794397
-0.803145566722688
6.13287888290249
-0.619563495696731
0.054028244354276
0.054028244354276
-0.619563495696732
5.29325773163437
-18.7409764854712
5.29325773163437
0.0495378473452117
0.0495378473452118
-0.741772766018512
3.52845949600695
3.52845949600695
-0.741772766018512
0.0439736388015675
0.0439736388015676
-0.297231268501182
-0.62863120203515
-0.297231268501182
0.0354157073776285
0.0354157073776285
14.9024166087024
0.840322232939998
-0.0581434320327346
-0.0581434320327346
0.840322232939998
-2.78624941707413
-2.78624941707413
0.244796287295971
-0.0441217848253685
-0.0441217848253685
0.244796287295971
0.631795935533618
-0.00727531045961911
-0.00727531045961911
-0.0565194229952645
-0.52356368391935
1.39284336689061
-0.148710669151357
0.0495200207120041
-0.148710669151357
1.3928433668906
5.29325773163436
-0.906340291544155
0.054028244354276
0.00513227504657174
0.00513227504657174
0.0540282443542761
-0.906340291544155
5.29325773163437
-14.7922581633177
-0.83611046700701
0.0579482060621651
0.0579482060621651
-0.83611046700701
2.76746503505693
2.76746503505693
-0.243452655930833
0.0439736388015675
0.0439736388015676
-0.243452655930833
-0.62863120203515
0.00725088242886795
0.00725088242886795
0.0563296498975212
13.6089500440159
-2.54534586939169
0.200274879536025
-0.00864146182106528
-0.00864146182106526
0.200274879536024
-2.54534586939169
-2.78624941707413
-3.55092619860304
0.840322232939998
-0.0497047390401422
-0.0581434320327345
0.745486186649651
0.833137285623792
-0.0496145575730046
-0.00778166669504478
0.131026257650013
-0.0462829372982511
0.046127534855723
-0.828983764019007
-0.130237187834341
0.00775553849139259
0.0494479686769258
3.52845949600695
2.76746503505692
-0.741772766018512
0.0579482060621651
0.0495378473452117
-0.83611046700701
-13.5056486471965
2.52814871318036
-0.199154761896653
0.0086124467163118
0.00861244671631179
-0.199154761896653
2.52814871318035
2.76746503505693
3.52845949600694
-0.83611046700701
0.0495378473452117
0.057948206062165
-0.741772766018512
-0.828983764019007
0.0494479686769258
0.00775553849139259
-0.130237187834341
0.0461275348557229
13.6089500440159
-2.54534586939169
0.200274879536025
-0.00864146182106527
-0.00864146182106527
0.200274879536025
0.840322232939998
-3.55092619860304
-2.78624941707413
0.74548618664965
-0.0581434320327346
-0.0497047390401422
0.833137285623792
0.131026257650013
-0.00778166669504477
-0.0496145575730046
-0.0462829372982511
0.046127534855723
-0.130237187834341
-0.828983764019007
0.0494479686769259
0.00775553849139259
-0.741772766018512
2.76746503505693
3.52845949600695
-0.83611046700701
0.0495378473452117
0.0579482060621651
2.52814871318036
-13.5056486471965
2.52814871318035
-0.199154761896653
0.00861244671631179
0.00861244671631179
-0.199154761896653
-0.83611046700701
3.52845949600695
2.76746503505692
-0.741772766018512
0.0579482060621651
0.0495378473452117
-0.828983764019007
-0.130237187834341
0.00775553849139259
0.0494479686769258
0.0461275348557229
13.6089500440159
-2.54534586939169
0.200274879536025
-0.00864146182106525
-0.00864146182106527
-0.0581434320327346
0.745486186649651
-2.78624941707413
-3.55092619860304
0.840322232939998
-0.0497047390401422
0.131026257650013
0.833137285623792
-0.0496145575730046
-0.00778166669504477
-0.0462829372982511
0.046127534855723
0.0494479686769259
-0.828983764019007
-0.130237187834341
0.0077555384913926
0.0495378473452118
-0.83611046700701
3.52845949600695
2.76746503505693
-0.741772766018512
0.0579482060621651
-0.199154761896653
2.52814871318035
-13.5056486471965
2.52814871318035
-0.199154761896653
0.00861244671631178
0.00861244671631179
0.0579482060621651
-0.741772766018512
2.76746503505692
3.52845949600695
-0.83611046700701
0.0495378473452117
-0.130237187834341
-0.828983764019007
0.0494479686769258
0.00775553849139259
0.0461275348557229
13.6089500440159
-2.54534586939169
0.200274879536024
-0.00864146182106527
-0.0497047390401422
0.840322232939998
-3.55092619860304
-2.78624941707413
0.745486186649651
-0.0581434320327345
-0.0496145575730046
0.833137285623792
0.131026257650013
-0.00778166669504478
-0.0462829372982511
0.046127534855723
0.00775553849139259
-0.130237187834341
-0.828983764019007
0.0494479686769259
0.0579482060621651
-0.741772766018512
2.76746503505693
3.52845949600695
-0.83611046700701
0.0495378473452117
0.0086124467163118
-0.199154761896653
2.52814871318035
-13.5056486471965
2.52814871318035
-0.199154761896653
0.00861244671631179
0.0495378473452117
-0.83611046700701
3.52845949600694
2.76746503505693
-0.741772766018512
0.057948206062165
0.0494479686769258
-0.828983764019007
-0.130237187834341
0.00775553849139259
0.0461275348557229
13.6089500440159
-2.54534586939169
0.200274879536025
-0.00864146182106527
-0.0581434320327346
0.74548618664965
-2.78624941707413
-3.55092619860304
0.840322232939998
-0.0497047390401422
-0.00778166669504478
0.131026257650013
0.833137285623792
-0.0496145575730046
-0.0462829372982511
0.046127534855723
0.0494479686769259
-0.828983764019007
-0.130237187834341
0.0077555384913926
0.0495378473452117
-0.83611046700701
3.52845949600695
2.76746503505693
-0.741772766018512
0.0579482060621651
0.00861244671631179
-0.199154761896653
2.52814871318035
-13.5056486471965
2.52814871318035
-0.199154761896653
0.00861244671631179
0.0579482060621651
-0.741772766018511
2.76746503505692
3.52845949600695
-0.83611046700701
0.0495378473452117
0.00775553849139259
-0.130237187834341
-0.828983764019007
0.0494479686769259
0.046127534855723
13.6089500440159
-2.5453458693917
0.200274879536025
-0.00864146182106529
-0.0497047390401421
0.840322232939997
-3.55092619860304
-2.78624941707413
0.745486186649652
-0.0581434320327346
-0.0496145575730046
0.833137285623791
0.131026257650013
-0.00778166669504479
-0.0462829372982511
0.046127534855723
0.00775553849139259
-0.130237187834341
-0.828983764019008
0.0494479686769259
0.057948206062165
-0.741772766018511
2.76746503505692
3.52845949600695
-0.836110467007012
0.0495378473452118
0.00861244671631178
-0.199154761896653
2.52814871318035
-13.5056486471965
2.52814871318036
-0.199154761896654
0.00861244671631181
0.0495378473452117
-0.836110467007009
3.52845949600694
2.76746503505693
-0.741772766018513
0.0579482060621652
0.0494479686769258
-0.828983764019006
-0.130237187834341
0.0077555384913926
0.0461275348557229
13.6089500440159
-2.54534586939169
0.200274879536025
-0.00864146182106527
-0.0581434320327345
0.745486186649651
-2.78624941707413
-3.55092619860304
0.840322232939998
-0.0497047390401422
-0.00778166669504477
0.131026257650013
0.833137285623792
-0.0496145575730046
-0.0462829372982511
0.046127534855723
0.00775553849139259
0.0494479686769258
-0.828983764019007
-0.130237187834341
0.0495378473452117
-0.83611046700701
3.52845949600694
2.76746503505693
-0.741772766018512
0.0579482060621651
0.00861244671631179
-0.199154761896653
2.52814871318036
-13.5056486471965
2.52814871318035
-0.199154761896653
0.00861244671631179
0.057948206062165
-0.741772766018512
2.76746503505692
3.52845949600695
-0.83611046700701
0.0495378473452117
0.00775553849139258
-0.130237187834341
-0.828983764019007
0.0494479686769258
0.0461275348557229
13.6089500440159
-2.54534586939169
0.200274879536025
-0.0581434320327345
-0.0497047390401422
0.840322232939998
-3.55092619860304
-2.78624941707413
0.745486186649651
-0.00778166669504477
-0.0496145575730046
0.833137285623792
0.131026257650013
-0.0462829372982511
0.046127534855723
0.0494479686769258
0.00775553849139259
-0.130237187834341
-0.828983764019007
0.0495378473452117
0.0579482060621651
-0.741772766018512
2.76746503505693
3.52845949600695
-0.83611046700701
0.00861244671631179
0.00861244671631179
-0.199154761896654
2.52814871318035
-13.5056486471965
2.52814871318035
-0.199154761896653
0.057948206062165
0.0495378473452117
-0.83611046700701
3.52845949600695
2.76746503505693
-0.741772766018512
0.00775553849139259
0.0494479686769258
-0.828983764019007
-0.130237187834341
0.0461275348557229
13.6089500440159
-2.54534586939169
0.840322232939998
-0.0497047390401421
-0.0581434320327346
0.745486186649651
-2.78624941707413
-3.55092619860304
-0.0496145575730046
-0.00778166669504478
0.131026257650013
0.833137285623792
-0.0462829372982511
0.046127534855723
-0.130237187834341
0.00775553849139259
0.0494479686769259
-0.828983764019007
-0.741772766018511
0.057948206062165
0.0495378473452118
-0.836110467007011
3.52845949600695
2.76746503505693
-0.199154761896653
0.00861244671631179
0.00861244671631181
-0.199154761896653
2.52814871318035
-13.5056486471965
2.52814871318035
-0.836110467007009
0.0495378473452117
0.0579482060621651
-0.741772766018512
2.76746503505693
3.52845949600695
0.0494479686769258
0.00775553849139259
-0.130237187834341
-0.828983764019007
0.046127534855723
13.6089500440159
-2.78624941707413
0.74548618664965
-0.0581434320327346
-0.0497047390401422
0.840322232939998
-3.55092619860304
0.131026257650013
-0.00778166669504477
-0.0496145575730046
0.833137285623792
-0.0462829372982511
0.046127534855723
-0.828983764019007
0.0494479686769258
0.0077555384913926
-0.130237187834341
3.52845949600695
-0.83611046700701
0.0495378473452117
0.0579482060621651
-0.741772766018512
2.76746503505693
2.52814871318035
-0.199154761896653
0.00861244671631179
0.00861244671631179
-0.199154761896653
2.52814871318035
-13.5056486471965
2.76746503505692
-0.741772766018511
0.0579482060621651
0.0495378473452117
-0.83611046700701
3.52845949600695
-0.130237187834341
0.00775553849139259
0.0494479686769259
-0.828983764019007
0.046127534855723
14.9024166087024
-5.32620529180682
0.910855251133388
-0.0542102640777324
-0.00514956554519601
-0.00514956554519601
-0.0542102640777324
0.910855251133387
-5.32620529180682
-1.40303182358256
0.149574950611611
-0.0496868523494796
0.149574950611611
-1.40303182358256
0.526212292112185
0.0563296498975212
0.00725088242886795
0.00725088242886795
-0.62863120203515
-0.243452655930834
0.0439736388015676
0.0439736388015675
-0.243452655930833
2.76746503505693
-0.83611046700701
0.0579482060621651
0.057948206062165
-0.836110467007009
2.76746503505692
-14.7922581633177
5.29325773163437
-0.906340291544156
0.054028244354276
0.00513227504657174
0.00513227504657174
0.054028244354276
-0.906340291544155
5.29325773163437
1.3928433668906
-0.148710669151357
0.0495200207120041
-0.148710669151357
1.3928433668906
-0.52356368391935
18.8702185453662
-5.32620529180682
0.622636560677928
-0.0542102640777325
-0.0542102640777324
0.622636560677927
-6.17070544899956
0.807164658627774
-0.0679572950813753
-0.0679572950813753
0.807164658627774
0.680589000406037
0.0354157073776285
0.0354157073776285
-0.297231268501182
-0.62863120203515
-0.297231268501182
0.0439736388015676
0.0439736388015675
3.52845949600694
3.52845949600695
-0.741772766018512
0.0495378473452117
0.0495378473452117
-0.741772766018511
5.29325773163437
-18.7409764854712
5.29325773163437
-0.619563495696732
0.0540282443542761
0.054028244354276
-0.619563495696732
6.13287888290249
-0.803145566722688
0.0677291174794396
0.0677291174794396
-0.803145566722688
-0.677284417047551
14.9024166087024
-5.32620529180682
0.910855251133387
-0.0542102640777324
-0.00514956554519601
-0.005149565545196
-0.0542102640777324
-1.40303182358256
-1.40303182358256
0.149574950611611
-0.0496868523494796
0.149574950611611
0.526212292112185
0.00725088242886795
0.0563296498975212
0.00725088242886795
0.0439736388015676
-0.243452655930833
-0.62863120203515
-0.243452655930834
0.0439736388015676
-0.83611046700701
2.76746503505692
2.76746503505692
-0.83611046700701
0.0579482060621651
0.0579482060621651
-0.906340291544156
5.29325773163437
-14.7922581633177
5.29325773163437
-0.906340291544156
0.054028244354276
0.00513227504657174
0.00513227504657174
0.054028244354276
1.3928433668906
1.3928433668906
-0.148710669151357
0.049520020712004
-0.148710669151357
-0.52356368391935
18.8702185453662
-5.32620529180682
0.622636560677928
-0.0542102640777324
0.807164658627774
-6.17070544899956
0.807164658627774
-0.0679572950813753
-0.0679572950813753
0.680589000406037
0.0354157073776285
0.0354157073776285
0.0439736388015676
-0.297231268501182
-0.62863120203515
-0.297231268501182
0.0439736388015676
0.0495378473452117
-0.741772766018512
3.52845949600695
3.52845949600694
-0.741772766018511
0.0495378473452117
0.054028244354276
-0.619563495696732
5.29325773163437
-18.7409764854712
5.29325773163437
-0.619563495696732
0.054028244354276
-0.803145566722688
6.13287888290249
-0.803145566722688
0.0677291174794396
0.0677291174794396
-0.677284417047551
14.9024166087024
-5.32620529180682
0.910855251133387
-0.0542102640777324
-0.00514956554519601
0.149574950611611
-1.40303182358256
-1.40303182358256
0.149574950611611
-0.0496868523494796
0.526212292112185
0.00725088242886795
0.0563296498975212
0.00725088242886795
0.0439736388015676
-0.243452655930834
-0.62863120203515
-0.243452655930834
0.0439736388015676
0.0579482060621651
-0.83611046700701
2.76746503505693
2.76746503505692
-0.836110467007009
0.057948206062165
0.00513227504657174
0.0540282443542761
-0.906340291544156
5.29325773163437
-14.7922581633177
5.29325773163437
-0.906340291544156
0.054028244354276
0.00513227504657174
-0.148710669151357
1.39284336689061
1.3928433668906
-0.148710669151357
0.0495200207120041
-0.52356368391935
18.8702185453662
-5.32620529180682
0.622636560677928
-0.0542102640777325
-0.0679572950813753
0.807164658627774
-6.17070544899955
0.807164658627774
-0.0679572950813753
0.680589000406037
0.0354157073776285
0.0354157073776285
0.0439736388015676
-0.297231268501182
-0.62863120203515
-0.297231268501182
0.0439736388015676
0.0495378473452117
-0.741772766018512
3.52845949600695
3.52845949600694
-0.741772766018512
0.0495378473452117
0.054028244354276
-0.619563495696732
5.29325773163437
-18.7409764854712
5.29325773163437
-0.619563495696733
0.0540282443542761
0.0677291174794397
-0.803145566722688
6.13287888290249
-0.803145566722688
0.0677291174794397
-0.677284417047551
14.9024166087024
-5.32620529180682
0.910855251133388
-0.0542102640777325
-0.0496868523494796
0.149574950611611
-1.40303182358256
-1.40303182358256
0.149574950611611
0.526212292112185
0.00725088242886795
0.0563296498975212
0.00725088242886795
0.0439736388015676
-0.243452655930834
-0.628631202035151
-0.243452655930833
0.0439736388015676
0.057948206062165
-0.83611046700701
2.76746503505693
2.76746503505692
-0.83611046700701
0.0579482060621651
0.00513227504657174
0.00513227504657174
0.054028244354276
-0.906340291544156
5.29325773163437
-14.7922581633177
5.29325773163437
-0.906340291544156
0.0540282443542761
0.0495200207120041
-0.148710669151357
1.3928433668906
1.39284336689061
-0.148710669151357
-0.52356368391935
18.8702185453662
-5.32620529180682
0.622636560677928
-0.0679572950813753
-0.0679572950813753
0.807164658627774
-6.17070544899956
0.807164658627774
0.680589000406037
0.0354157073776285
0.0354157073776285
0.0439736388015676
-0.297231268501181
-0.62863120203515
-0.297231268501182
0.0439736388015676
0.0495378473452117
-0.741772766018513
3.52845949600695
3.52845949600695
-0.741772766018512
0.0495378473452117
0.054028244354276
0.054028244354276
-0.619563495696733
5.29325773163437
-18.7409764854712
5.29325773163437
-0.619563495696733
0.0677291174794396
0.0677291174794396
-0.803145566722688
6.13287888290249
-0.803145566722688
-0.677284417047551
14.9024166087024
-5.32620529180682
0.149574950611611
-0.0496868523494796
0.149574950611611
-1.40303182358256
-1.40303182358256
0.526212292112185
0.00725088242886795
0.00725088242886795
0.0563296498975212
0.0439736388015676
0.0439736388015676
-0.243452655930834
-0.62863120203515
-0.243452655930833
0.057948206062165
0.0579482060621652
-0.83611046700701
2.76746503505693
2.76746503505693
-0.83611046700701
-0.906340291544155
0.054028244354276
0.00513227504657174
0.00513227504657174
0.0540282443542761
-0.906340291544156
5.29325773163437
-14.7922581633177
5.29325773163437
-0.148710669151357
0.049520020712004
-0.148710669151357
1.3928433668906
1.3928433668906
-0.52356368391935
18.8702185453662
0.807164658627774
-0.0679572950813753
-0.0679572950813753
0.807164658627775
-6.17070544899956
0.680589000406038
0.0354157073776285
0.0354157073776285
-0.297231268501182
0.0439736388015676
0.0439736388015676
-0.297231268501182
-0.62863120203515
-0.741772766018512
0.0495378473452117
0.0495378473452117
-0.741772766018512
3.52845949600695
3.52845949600695
5.29325773163437
-0.619563495696732
0.054028244354276
0.0540282443542761
-0.619563495696733
5.29325773163437
-18.7409764854712
-0.803145566722688
0.0677291174794396
0.0677291174794397
-0.803145566722689
6.13287888290249
-0.677284417047552
15.6275798232194
-3.08946470299053
1.11338277640146
1.11338277640146
-3.08946470299053
-5.23846541513429
0.0354157073776285
0.0563296498975212
0.0354157073776285
0.00725088242886795
0.00725088242886795
-0.828983764019007
-0.828983764019007
-0.130237187834341
0.0494479686769258
0.00775553849139259
0.00775553849139259
0.0494479686769258
-0.130237187834341
1.3928433668906
6.13287888290249
1.3928433668906
-0.803145566722688
-0.148710669151357
0.0677291174794397
0.0495200207120041
0.0677291174794396
-0.148710669151357
-0.803145566722688
-15.5136899848789
3.06910943810273
-1.10789770415608
-1.10789770415608
3.06910943810273
5.2066189570017
15.6275798232195
-3.08946470299053
1.11338277640146
1.11338277640146
-5.23846541513429
0.00725088242886795
0.0354157073776285
0.0563296498975212
0.0354157073776285
0.00725088242886796
0.0494479686769258
-0.130237187834341
-0.828983764019007
-0.828983764019007
-0.130237187834341
0.0494479686769258
0.00775553849139258
0.00775553849139259
-0.148710669151357
-0.803145566722688
1.3928433668906
6.13287888290249
1.39284336689061
-0.803145566722688
-0.148710669151357
0.0677291174794396
0.049520020712004
0.0677291174794396
3.06910943810273
-15.5136899848789
3.06910943810273
-1.10789770415608
-1.10789770415608
5.2066189570017
15.6275798232195
-3.08946470299053
1.11338277640146
-5.23846541513429
0.00725088242886795
0.0354157073776285
0.0563296498975212
0.0354157073776285
0.00725088242886795
0.00775553849139259
0.0494479686769258
-0.130237187834341
-0.828983764019007
-0.828983764019006
-0.130237187834341
0.0494479686769258
0.00775553849139259
0.0495200207120041
0.0677291174794396
-0.148710669151357
-0.803145566722688
1.3928433668906
6.13287888290249
1.3928433668906
-0.803145566722688
-0.148710669151357
0.0677291174794397
-1.10789770415608
3.06910943810273
-15.5136899848789
3.06910943810273
-1.10789770415608
5.2066189570017
15.6275798232195
-3.08946470299053
-5.23846541513429
0.00725088242886796
0.0354157073776285
0.0563296498975212
0.0354157073776285
0.00725088242886795
0.00775553849139259
0.00775553849139259
0.0494479686769259
-0.130237187834341
-0.828983764019007
-0.828983764019007
-0.130237187834341
0.0494479686769259
-0.148710669151357
0.0677291174794396
0.049520020712004
0.0677291174794396
-0.148710669151357
-0.803145566722688
1.39284336689061
6.13287888290249
1.3928433668906
-0.803145566722689
-1.10789770415608
-1.10789770415608
3.06910943810273
-15.5136899848789
3.06910943810273
5.2066189570017
15.6275798232195
-5.23846541513429
0.0354157073776285
0.00725088242886795
0.00725088242886795
0.0354157073776285
0.0563296498975212
-0.130237187834341
0.0494479686769258
0.00775553849139259
0.0077555384913926
0.0494479686769258
-0.130237187834341
-0.828983764019007
-0.828983764019007
1.3928433668906
-0.803145566722688
-0.148710669151357
0.0677291174794396
0.0495200207120041
0.0677291174794397
-0.148710669151357
-0.803145566722688
1.3928433668906
6.13287888290249
3.06910943810273
-1.10789770415608
-1.10789770415608
3.06910943810273
-15.5136899848789
5.2066189570017
21.2342795067608
0.0461275348557229
0.0461275348557229
0.0461275348557229
0.0461275348557229
0.046127534855723
0.0461275348557229
0.0461275348557229
0.0461275348557229
0.046127534855723
0.046127534855723
-0.52356368391935
-0.677284417047551
-0.52356368391935
-0.677284417047551
-0.52356368391935
-0.677284417047551
-0.52356368391935
-0.677284417047551
-0.52356368391935
-0.677284417047552
5.2066189570017
5.2066189570017
5.2066189570017
5.2066189570017
5.2066189570017
-21.0945089635285
42.331151610425
-10.4483198365801
-10.4483198365801
-10.4483198365801
-10.4483198365801
-10.4483198365801
1.35913234060048
1.05065511219159
1.35913234060048
1.05065511219159
1.35913234060048
1.05065511219159
1.35913234060048
1.05065511219159
1.35913234060048
1.05065511219159
-0.0925658745965023
-0.0925658745965023
-0.0925658745965023
-0.0925658745965023
-0.0925658745965023
-0.0925658745965023
-0.0925658745965023
-0.0925658745965023
-0.0925658745965023
-0.0925658745965023
-21.0945089635285
5.2066189570017
5.2066189570017
5.2066189570017
5.2066189570017
5.2066189570017
-0.677284417047551
-0.52356368391935
-0.677284417047552
-0.52356368391935
-0.677284417047552
-0.52356368391935
-0.677284417047552
-0.52356368391935
-0.677284417047552
-0.52356368391935
0.046127534855723
0.046127534855723
0.046127534855723
0.046127534855723
0.046127534855723
0.046127534855723
0.046127534855723
0.046127534855723
0.046127534855723
0.046127534855723
31.1319103906361
-6.15889837293379
2.22326036432318
2.22326036432318
-6.15889837293379
-12.3070807786698
-2.79507163856535
1.6117026857065
0.298423342909655
-0.135914590162751
-0.0993737046989592
-0.135914590162751
0.298423342909655
1.6117026857065
-2.79507163856535
1.66355317670308
0.26135190693762
-0.0992291151460093
-0.0155633333900896
-0.0155633333900896
-0.0992291151460092
0.26135190693762
1.66355317670308
-0.113038845990529
-0.0710700439145027
-0.0145506209192382
-0.0145506209192382
-0.0710700439145027
5.2066189570017
-15.5136899848789
3.06910943810273
-1.10789770415608
-1.10789770415608
3.06910943810273
6.13287888290249
1.3928433668906
-0.803145566722688
-0.148710669151357
0.0677291174794397
0.0495200207120041
0.0677291174794397
-0.148710669151357
-0.803145566722688
1.39284336689061
-0.828983764019007
-0.130237187834341
0.0494479686769259
0.00775553849139259
0.00775553849139259
0.0494479686769258
-0.130237187834341
-0.828983764019007
0.0563296498975212
0.0354157073776285
0.00725088242886795
0.00725088242886795
0.0354157073776285
31.1319103906361
-6.15889837293379
2.22326036432318
2.22326036432318
1.6117026857065
-2.79507163856535
-12.3070807786698
-2.79507163856535
1.61170268570651
0.298423342909655
-0.135914590162751
-0.0993737046989592
-0.135914590162751
0.298423342909655
0.26135190693762
1.66355317670308
1.66355317670308
0.26135190693762
-0.0992291151460093
-0.0155633333900896
-0.0155633333900896
-0.0992291151460092
-0.0145506209192382
-0.0710700439145027
-0.113038845990529
-0.0710700439145027
-0.0145506209192382
5.2066189570017
3.06910943810273
-15.5136899848789
3.06910943810273
-1.10789770415608
-1.10789770415608
-0.803145566722688
1.3928433668906
6.13287888290249
1.3928433668906
-0.803145566722689
-0.148710669151357
0.0677291174794397
0.0495200207120041
0.0677291174794397
-0.148710669151357
-0.130237187834341
-0.828983764019007
-0.828983764019007
-0.130237187834341
0.0494479686769259
0.00775553849139259
0.00775553849139259
0.0494479686769258
0.00725088242886795
0.0354157073776285
0.0563296498975212
0.0354157073776285
0.00725088242886795
31.1319103906361
-6.15889837293379
2.22326036432318
-0.135914590162751
0.298423342909655
1.6117026857065
-2.79507163856534
-12.3070807786698
-2.79507163856534
1.6117026857065
0.298423342909655
-0.135914590162751
-0.0993737046989593
-0.0155633333900896
-0.0992291151460092
0.26135190693762
1.66355317670308
1.66355317670308
0.26135190693762
-0.0992291151460092
-0.0155633333900896
-0.0145506209192382
-0.0710700439145027
-0.113038845990529
-0.0710700439145027
-0.0145506209192382
5.2066189570017
-1.10789770415608
3.06910943810273
-15.5136899848789
3.06910943810273
-1.10789770415608
0.0677291174794397
-0.148710669151357
-0.803145566722688
1.3928433668906
6.13287888290249
1.3928433668906
-0.803145566722688
-0.148710669151357
0.0677291174794397
0.0495200207120041
0.00775553849139259
0.0494479686769259
-0.130237187834341
-0.828983764019007
-0.828983764019007
-0.130237187834341
0.0494479686769258
0.00775553849139259
0.00725088242886795
0.0354157073776285
0.0563296498975212
0.0354157073776285
0.00725088242886795
31.1319103906361
-6.15889837293379
-0.135914590162751
-0.0993737046989592
-0.135914590162751
0.298423342909655
1.6117026857065
-2.79507163856534
-12.3070807786698
-2.79507163856534
1.6117026857065
0.298423342909655
-0.0155633333900896
-0.0992291151460092
0.26135190693762
1.66355317670308
1.66355317670308
0.26135190693762
-0.0992291151460093
-0.0155633333900896
-0.0145506209192382
-0.0710700439145027
-0.113038845990529
-0.0710700439145026
-0.0145506209192382
5.2066189570017
-1.10789770415608
-1.10789770415608
3.06910943810273
-15.5136899848789
3.06910943810273
0.0677291174794397
0.0495200207120041
0.0677291174794397
-0.148710669151357
-0.803145566722688
1.3928433668906
6.13287888290249
1.3928433668906
-0.803145566722688
-0.148710669151357
0.0077555384913926
0.0494479686769259
-0.130237187834341
-0.828983764019008
-0.828983764019007
-0.130237187834341
0.0494479686769259
0.0077555384913926
0.00725088242886795
0.0354157073776285
0.0563296498975212
0.0354157073776285
0.00725088242886795
31.1319103906361
1.6117026857065
0.298423342909655
-0.135914590162751
-0.0993737046989592
-0.135914590162751
0.298423342909655
1.61170268570651
-2.79507163856535
-12.3070807786698
-2.79507163856535
-0.0992291151460092
-0.0155633333900896
-0.0155633333900896
-0.0992291151460094
0.26135190693762
1.66355317670308
1.66355317670308
0.26135190693762
-0.0145506209192382
-0.0145506209192382
-0.0710700439145027
-0.113038845990529
-0.0710700439145027
5.2066189570017
3.06910943810273
-1.10789770415608
-1.10789770415608
3.06910943810273
-15.5136899848789
-0.803145566722688
-0.148710669151357
0.0677291174794396
0.0495200207120041
0.0677291174794397
-0.148710669151357
-0.803145566722689
1.3928433668906
6.13287888290249
1.3928433668906
0.0494479686769258
0.00775553849139259
0.0077555384913926
0.0494479686769259
-0.130237187834341
-0.828983764019007
-0.828983764019007
-0.130237187834341
0.00725088242886795
0.00725088242886795
0.0354157073776285
0.0563296498975212
0.0354157073776285
37.6082286772126
-10.622181153317
1.24330157739004
-0.108420528155465
-0.108420528155465
1.24330157739004
-10.622181153317
-7.08069356508641
1.48854355761982
-0.0994094780802843
-0.0994094780802842
1.48854355761982
-7.08069356508641
1.26149808779158
0.596465265535995
-0.0882435696507371
-0.088243569650737
0.596465265535995
-0.0710700439145027
-0.0710700439145027
-0.677284417047551
6.13287888290249
-0.803145566722688
0.0677291174794397
0.0677291174794397
-0.803145566722688
-18.7409764854712
5.29325773163437
-0.619563495696732
0.054028244354276
0.054028244354276
-0.619563495696731
5.29325773163436
3.52845949600695
-0.741772766018512
0.0495378473452118
0.0495378473452117
-0.741772766018511
3.52845949600695
-0.62863120203515
-0.297231268501182
0.0439736388015676
0.0439736388015676
-0.297231268501182
0.0354157073776285
0.0354157073776285
29.6841857781366
-10.622181153317
1.81878745593587
-0.108420528155465
-0.010299131090392
-0.010299131090392
-0.108420528155465
1.81878745593587
-5.55357710284189
-5.55357710284189
1.67785460202609
-0.116286864065469
-0.116286864065469
1.67785460202609
0.488545682954116
1.26149808779158
0.488545682954116
-0.088243569650737
-0.088243569650737
-0.113038845990529
-0.0145506209192382
-0.0145506209192382
-0.52356368391935
1.3928433668906
1.3928433668906
-0.148710669151357
0.0495200207120041
-0.148710669151357
5.29325773163437
-14.7922581633177
5.29325773163437
-0.906340291544156
0.054028244354276
0.00513227504657174
0.00513227504657174
0.054028244354276
-0.906340291544155
2.76746503505692
2.76746503505693
-0.83611046700701
0.0579482060621651
0.057948206062165
-0.83611046700701
-0.243452655930834
-0.62863120203515
-0.243452655930833
0.0439736388015676
0.0439736388015676
0.0563296498975212
0.00725088242886795
0.00725088242886795
37.6082286772126
-10.622181153317
1.24330157739004
-0.108420528155465
-0.108420528155465
1.48854355761982
-7.08069356508641
-7.08069356508641
1.48854355761982
-0.0994094780802843
-0.0994094780802842
-0.0882435696507371
0.596465265535995
1.26149808779158
0.596465265535995
-0.088243569650737
-0.0710700439145027
-0.0710700439145027
-0.677284417047552
-0.803145566722688
6.13287888290249
-0.803145566722688
0.0677291174794397
0.0677291174794396
-0.619563495696732
5.29325773163437
-18.7409764854712
5.29325773163437
-0.619563495696732
0.054028244354276
0.054028244354276
-0.741772766018512
3.52845949600695
3.52845949600695
-0.741772766018512
0.0495378473452117
0.0495378473452117
0.0439736388015676
-0.297231268501182
-0.62863120203515
-0.297231268501182
0.0439736388015676
0.0354157073776285
0.0354157073776285
29.6841857781366
-10.622181153317
1.81878745593587
-0.108420528155465
-0.010299131090392
-0.010299131090392
-0.116286864065469
1.67785460202609
-5.55357710284189
-5.55357710284189
1.67785460202609
-0.116286864065469
-0.088243569650737
0.488545682954116
1.26149808779158
0.488545682954116
-0.088243569650737
-0.0145506209192382
-0.113038845990529
-0.0145506209192382
-0.52356368391935
-0.148710669151357
1.3928433668906
1.3928433668906
-0.148710669151357
0.0495200207120041
0.054028244354276
-0.906340291544156
5.29325773163437
-14.7922581633177
5.29325773163437
-0.906340291544155
0.054028244354276
0.00513227504657174
0.00513227504657174
0.0579482060621651
-0.83611046700701
2.76746503505693
2.76746503505693
-0.83611046700701
0.057948206062165
0.0439736388015676
-0.243452655930834
-0.62863120203515
-0.243452655930834
0.0439736388015676
0.00725088242886795
0.0563296498975212
0.00725088242886795
37.6082286772126
-10.622181153317
1.24330157739004
-0.108420528155465
-0.0994094780802843
1.48854355761982
-7.08069356508641
-7.08069356508641
1.48854355761982
-0.0994094780802842
-0.088243569650737
0.596465265535995
1.26149808779158
0.596465265535995
-0.088243569650737
-0.0710700439145027
-0.0710700439145027
-0.677284417047552
0.0677291174794397
-0.803145566722689
6.13287888290249
-0.803145566722688
0.0677291174794397
0.054028244354276
-0.619563495696732
5.29325773163437
-18.7409764854712
5.29325773163437
-0.619563495696732
0.054028244354276
0.0495378473452117
-0.741772766018512
3.52845949600695
3.52845949600695
-0.741772766018511
0.0495378473452117
0.0439736388015676
-0.297231268501182
-0.62863120203515
-0.297231268501182
0.0439736388015676
0.0354157073776285
0.0354157073776285
29.6841857781366
-10.622181153317
1.81878745593587
-0.108420528155465
-0.010299131090392
-0.116286864065469
1.67785460202609
-5.55357710284189
-5.55357710284188
1.67785460202609
-0.116286864065469
-0.088243569650737
0.488545682954116
1.26149808779158
0.488545682954116
-0.088243569650737
-0.0145506209192382
-0.113038845990529
-0.0145506209192382
-0.52356368391935
0.0495200207120041
-0.148710669151357
1.3928433668906
1.3928433668906
-0.148710669151357
0.00513227504657174
0.054028244354276
-0.906340291544155
5.29325773163437
-14.7922581633177
5.29325773163437
-0.906340291544155
0.054028244354276
0.00513227504657174
0.0579482060621651
-0.83611046700701
2.76746503505693
2.76746503505692
-0.83611046700701
0.0579482060621651
0.0439736388015676
-0.243452655930834
-0.62863120203515
-0.243452655930834
0.0439736388015676
0.00725088242886796
0.0563296498975212
0.00725088242886796
37.6082286772126
-10.622181153317
1.24330157739004
-0.108420528155465
-0.0994094780802843
1.48854355761982
-7.08069356508642
-7.0806935650864
1.48854355761982
-0.0994094780802843
-0.088243569650737
0.596465265535995
1.26149808779159
0.596465265535995
-0.088243569650737
-0.0710700439145027
-0.0710700439145027
-0.677284417047552
0.0677291174794397
0.0677291174794397
-0.803145566722688
6.13287888290249
-0.803145566722689
0.054028244354276
-0.619563495696732
5.29325773163437
-18.7409764854712
5.29325773163437
-0.619563495696732
0.0540282443542761
0.0495378473452117
-0.741772766018512
3.52845949600695
3.52845949600694
-0.741772766018512
0.0495378473452118
0.0439736388015676
-0.297231268501182
-0.628631202035151
-0.297231268501181
0.0439736388015676
0.0354157073776285
0.0354157073776285
29.6841857781366
-10.622181153317
1.81878745593587
-0.116286864065469
1.6778546020261
-5.55357710284189
-5.55357710284189
1.6778546020261
-0.116286864065469
-0.0882435696507371
0.488545682954115
1.26149808779158
0.488545682954116
-0.088243569650737
-0.0145506209192382
-0.113038845990529
-0.0145506209192382
-0.52356368391935
-0.148710669151357
0.0495200207120041
-0.148710669151357
1.3928433668906
1.3928433668906
0.054028244354276
0.00513227504657174
0.00513227504657174
0.054028244354276
-0.906340291544155
5.29325773163437
-14.7922581633177
5.29325773163437
-0.906340291544155
0.0579482060621651
-0.836110467007012
2.76746503505693
2.76746503505693
-0.836110467007011
0.0579482060621651
0.0439736388015676
-0.243452655930833
-0.62863120203515
-0.243452655930834
0.0439736388015676
0.00725088242886795
0.0563296498975212
0.00725088242886795
37.6082286772126
-10.622181153317
-0.0994094780802842
-0.0994094780802844
1.48854355761982
-7.08069356508641
-7.08069356508641
1.48854355761982
-0.088243569650737
-0.088243569650737
0.596465265535995
1.26149808779158
0.596465265535995
-0.0710700439145027
-0.0710700439145027
-0.677284417047552
-0.803145566722688
0.0677291174794397
0.0677291174794397
-0.803145566722688
6.13287888290249
-0.619563495696731
0.054028244354276
0.054028244354276
-0.619563495696732
5.29325773163437
-18.7409764854712
5.29325773163437
0.0495378473452117
0.0495378473452118
-0.741772766018512
3.52845949600695
3.52845949600695
-0.741772766018512
0.0439736388015675
0.0439736388015676
-0.297231268501182
-0.62863120203515
-0.297231268501182
0.0354157073776285
0.0354157073776285
29.6841857781366
1.67785460202609
-0.116286864065469
-0.116286864065469
1.67785460202609
-5.55357710284189
-5.55357710284189
0.488545682954115
-0.088243569650737
-0.088243569650737
0.488545682954115
1.26149808779158
-0.0145506209192382
-0.0145506209192382
-0.113038845990529
-0.52356368391935
1.39284336689061
-0.148710669151357
0.0495200207120041
-0.148710669151357
1.3928433668906
5.29325773163436
-0.906340291544155
0.054028244354276
0.00513227504657174
0.00513227504657174
0.0540282443542761
-0.906340291544155
5.29325773163437
-14.7922581633177
-0.83611046700701
0.0579482060621651
0.0579482060621651
-0.83611046700701
2.76746503505693
2.76746503505693
-0.243452655930833
0.0439736388015675
0.0439736388015676
-0.243452655930833
-0.62863120203515
0.00725088242886795
0.00725088242886795
0.0563296498975212
27.1022976391661
-5.07333195839593
0.399651418023582
-0.0172829236421306
-0.0172829236421305
0.399651418023581
-5.07333195839592
-5.55357710284189
-7.0806935650864
1.67785460202609
-0.0994094780802843
-0.116286864065469
1.48854355761982
1.66355317670308
-0.0992291151460092
-0.0155633333900896
0.26135190693762
-0.0925658745965022
0.046127534855723
-0.828983764019007
-0.130237187834341
0.00775553849139259
0.0494479686769258
3.52845949600695
2.76746503505692
-0.741772766018512
0.0579482060621651
0.0495378473452117
-0.83611046700701
-13.5056486471965
2.52814871318036
-0.199154761896653
0.0086124467163118
0.00861244671631179
-0.199154761896653
2.52814871318035
2.76746503505693
3.52845949600694
-0.83611046700701
0.0495378473452117
0.057948206062165
-0.741772766018512
-0.828983764019007
0.0494479686769258
0.00775553849139259
-0.130237187834341
0.0461275348557229
27.1022976391661
-5.07333195839592
0.399651418023581
-0.0172829236421305
-0.0172829236421305
0.399651418023581
1.67785460202609
-7.08069356508641
-5.55357710284188
1.48854355761982
-0.116286864065469
-0.0994094780802843
1.66355317670308
0.26135190693762
-0.0155633333900895
-0.0992291151460092
-0.0925658745965022
0.046127534855723
-0.130237187834341
-0.828983764019007
0.0494479686769259
0.00775553849139259
-0.741772766018512
2.76746503505693
3.52845949600695
-0.83611046700701
0.0495378473452117
0.0579482060621651
2.52814871318036
-13.5056486471965
2.52814871318035
-0.199154761896653
0.00861244671631179
0.00861244671631179
-0.199154761896653
-0.83611046700701
3.52845949600695
2.76746503505692
-0.741772766018512
0.0579482060621651
0.0495378473452117
-0.828983764019007
-0.130237187834341
0.00775553849139259
0.0494479686769258
0.0461275348557229
27.1022976391661
-5.07333195839592
0.399651418023581
-0.0172829236421305
-0.0172829236421305
-0.116286864065469
1.48854355761982
-5.55357710284189
-7.08069356508641
1.67785460202609
-0.0994094780802843
0.26135190693762
1.66355317670308
-0.0992291151460092
-0.0155633333900895
-0.0925658745965022
0.046127534855723
0.0494479686769259
-0.828983764019007
-0.130237187834341
0.0077555384913926
0.0495378473452118
-0.83611046700701
3.52845949600695
2.76746503505693
-0.741772766018512
0.0579482060621651
-0.199154761896653
2.52814871318035
-13.5056486471965
2.52814871318035
-0.199154761896653
0.00861244671631178
0.00861244671631179
0.0579482060621651
-0.741772766018512
2.76746503505692
3.52845949600695
-0.83611046700701
0.0495378473452117
-0.130237187834341
-0.828983764019007
0.0494479686769258
0.00775553849139259
0.0461275348557229
27.1022976391661
-5.07333195839592
0.39965141802358
-0.0172829236421305
-0.0994094780802843
1.67785460202609
-7.0806935650864
-5.55357710284189
1.48854355761982
-0.116286864065469
-0.0992291151460092
1.66355317670308
0.26135190693762
-0.0155633333900896
-0.0925658745965022
0.046127534855723
0.00775553849139259
-0.130237187834341
-0.828983764019007
0.0494479686769259
0.0579482060621651
-0.741772766018512
2.76746503505693
3.52845949600695
-0.83611046700701
0.0495378473452117
0.0086124467163118
-0.199154761896653
2.52814871318035
-13.5056486471965
2.52814871318035
-0.199154761896653
0.00861244671631179
0.0495378473452117
-0.83611046700701
3.52845949600694
2.76746503505693
-0.741772766018512
0.057948206062165
0.0494479686769258
-0.828983764019007
-0.130237187834341
0.00775553849139259
0.0461275348557229
27.1022976391661
-5.07333195839591
0.399651418023581
-0.0172829236421305
-0.116286864065469
1.48854355761982
-5.55357710284188
-7.08069356508641
1.67785460202609
-0.0994094780802843
-0.0155633333900896
0.26135190693762
1.66355317670308
-0.0992291151460092
-0.0925658745965023
0.046127534855723
0.0494479686769259
-0.828983764019007
-0.130237187834341
0.0077555384913926
0.0495378473452117
-0.83611046700701
3.52845949600695
2.76746503505693
-0.741772766018512
0.0579482060621651
0.00861244671631179
-0.199154761896653
2.52814871318035
-13.5056486471965
2.52814871318035
-0.199154761896653
0.00861244671631179
0.0579482060621651
-0.741772766018511
2.76746503505692
3.52845949600695
-0.83611046700701
0.0495378473452117
0.00775553849139259
-0.130237187834341
-0.828983764019007
0.0494479686769259
0.046127534855723
27.1022976391661
-5.07333195839593
0.399651418023582
-0.0172829236421306
-0.0994094780802841
1.67785460202609
-7.0806935650864
-5.55357710284189
1.48854355761982
-0.116286864065469
-0.0992291151460091
1.66355317670308
0.261351906937621
-0.0155633333900896
-0.0925658745965022
0.046127534855723
0.00775553849139259
-0.130237187834341
-0.828983764019008
0.0494479686769259
0.057948206062165
-0.741772766018511
2.76746503505692
3.52845949600695
-0.836110467007012
0.0495378473452118
0.00861244671631178
-0.199154761896653
2.52814871318035
-13.5056486471965
2.52814871318036
-0.199154761896654
0.00861244671631181
0.0495378473452117
-0.836110467007009
3.52845949600694
2.76746503505693
-0.741772766018513
0.0579482060621652
0.0494479686769258
-0.828983764019006
-0.130237187834341
0.0077555384913926
0.0461275348557229
27.1022976391661
-5.07333195839593
0.399651418023582
-0.0172829236421305
-0.116286864065469
1.48854355761982
-5.55357710284188
-7.08069356508641
1.67785460202609
-0.0994094780802843
-0.0155633333900895
0.26135190693762
1.66355317670308
-0.0992291151460092
-0.0925658745965022
0.046127534855723
0.00775553849139259
0.0494479686769258
-0.828983764019007
-0.130237187834341
0.0495378473452117
-0.83611046700701
3.52845949600694
2.76746503505693
-0.741772766018512
0.0579482060621651
0.00861244671631179
-0.199154761896653
2.52814871318036
-13.5056486471965
2.52814871318035
-0.199154761896653
0.00861244671631179
0.057948206062165
-0.741772766018512
2.76746503505692
3.52845949600695
-0.83611046700701
0.0495378473452117
0.00775553849139258
-0.130237187834341
-0.828983764019007
0.0494479686769258
0.0461275348557229
27.1022976391661
-5.07333195839593
0.399651418023581
-0.116286864065469
-0.0994094780802843
1.67785460202609
-7.08069356508641
-5.55357710284189
1.48854355761982
-0.0155633333900895
-0.0992291151460092
1.66355317670308
0.26135190693762
-0.0925658745965022
0.046127534855723
0.0494479686769258
0.00775553849139259
-0.130237187834341
-0.828983764019007
0.0495378473452117
0.0579482060621651
-0.741772766018512
2.76746503505693
3.52845949600695
-0.83611046700701
0.00861244671631179
0.00861244671631179
-0.199154761896654
2.52814871318035
-13.5056486471965
2.52814871318035
-0.199154761896653
0.057948206062165
0.0495378473452117
-0.83611046700701
3.52845949600695
2.76746503505693
-0.741772766018512
0.00775553849139259
0.0494479686769258
-0.828983764019007
-0.130237187834341
0.0461275348557229
27.1022976391661
-5.07333195839592
1.67785460202609
-0.0994094780802842
-0.116286864065469
1.48854355761982
-5.55357710284189
-7.08069356508641
-0.0992291151460092
-0.0155633333900896
0.26135190693762
1.66355317670308
-0.0925658745965023
0.046127534855723
-0.130237187834341
0.00775553849139259
0.0494479686769259
-0.828983764019007
-0.741772766018511
0.057948206062165
0.0495378473452118
-0.836110467007011
3.52845949600695
2.76746503505693
-0.199154761896653
0.00861244671631179
0.00861244671631181
-0.199154761896653
2.52814871318035
-13.5056486471965
2.52814871318035
-0.836110467007009
0.0495378473452117
0.0579482060621651
-0.741772766018512
2.76746503505693
3.52845949600695
0.0494479686769258
0.00775553849139259
-0.130237187834341
-0.828983764019007
0.046127534855723
27.1022976391661
-5.55357710284188
1.48854355761982
-0.116286864065469
-0.0994094780802843
1.67785460202609
-7.08069356508641
0.26135190693762
-0.0155633333900895
-0.0992291151460092
1.66355317670308
-0.0925658745965023
0.046127534855723
-0.828983764019007
0.0494479686769258
0.0077555384913926
-0.130237187834341
3.52845949600695
-0.83611046700701
0.0495378473452117
0.0579482060621651
-0.741772766018512
2.76746503505693
2.52814871318035
-0.199154761896653
0.00861244671631179
0.00861244671631179
-0.199154761896653
2.52814871318035
-13.5056486471965
2.76746503505692
-0.741772766018511
0.0579482060621651
0.0495378473452117
-0.83611046700701
3.52845949600695
-0.130237187834341
0.00775553849139259
0.0494479686769259
-0.828983764019007
0.046127534855723
29.6841857781366
-10.622181153317
1.81878745593587
-0.108420528155465
-0.010299131090392
-0.010299131090392
-0.108420528155465
1.81878745593587
-10.622181153317
-2.79507163856535
0.298423342909655
-0.0993737046989592
0.298423342909655
-2.79507163856535
1.05065511219159
0.0563296498975212
0.00725088242886795
0.00725088242886795
-0.62863120203515
-0.243452655930834
0.0439736388015676
0.0439736388015675
-0.243452655930833
2.76746503505693
-0.83611046700701
0.0579482060621651
0.057948206062165
-0.836110467007009
2.76746503505692
-14.7922581633177
5.29325773163437
-0.906340291544156
0.054028244354276
0.00513227504657174
0.00513227504657174
0.054028244354276
-0.906340291544155
5.29325773163437
1.3928433668906
-0.148710669151357
0.0495200207120041
-0.148710669151357
1.3928433668906
-0.52356368391935
37.6082286772126
-10.622181153317
1.24330157739004
-0.108420528155465
-0.108420528155465
1.24330157739004
-12.3070807786698
1.6117026857065
-0.135914590162751
-0.135914590162751
1.6117026857065
1.35913234060048
0.0354157073776285
0.0354157073776285
-0.297231268501182
-0.62863120203515
-0.297231268501182
0.0439736388015676
0.0439736388015675
3.52845949600694
3.52845949600695
-0.741772766018512
0.0495378473452117
0.0495378473452117
-0.741772766018511
5.29325773163437
-18.7409764854712
5.29325773163437
-0.619563495696732
0.0540282443542761
0.054028244354276
-0.619563495696732
6.13287888290249
-0.803145566722688
0.0677291174794396
0.0677291174794396
-0.803145566722688
-0.677284417047551
29.6841857781366
-10.622181153317
1.81878745593587
-0.108420528155465
-0.010299131090392
-0.010299131090392
-0.108420528155465
-2.79507163856534
-2.79507163856535
0.298423342909655
-0.0993737046989592
0.298423342909655
1.05065511219159
0.00725088242886795
0.0563296498975212
0.00725088242886795
0.0439736388015676
-0.243452655930833
-0.62863120203515
-0.243452655930834
0.0439736388015676
-0.83611046700701
2.76746503505692
2.76746503505692
-0.83611046700701
0.0579482060621651
0.0579482060621651
-0.906340291544156
5.29325773163437
-14.7922581633177
5.29325773163437
-0.906340291544156
0.054028244354276
0.00513227504657174
0.00513227504657174
0.054028244354276
1.3928433668906
1.3928433668906
-0.148710669151357
0.049520020712004
-0.148710669151357
-0.52356368391935
37.6082286772126
-10.622181153317
1.24330157739004
-0.108420528155465
1.6117026857065
-12.3070807786698
1.6117026857065
-0.135914590162751
-0.135914590162751
1.35913234060047
0.0354157073776285
0.0354157073776285
0.0439736388015676
-0.297231268501182
-0.62863120203515
-0.297231268501182
0.0439736388015676
0.0495378473452117
-0.741772766018512
3.52845949600695
3.52845949600694
-0.741772766018511
0.0495378473452117
0.054028244354276
-0.619563495696732
5.29325773163437
-18.7409764854712
5.29325773163437
-0.619563495696732
0.054028244354276
-0.803145566722688
6.13287888290249
-0.803145566722688
0.0677291174794396
0.0677291174794396
-0.677284417047551
29.6841857781366
-10.622181153317
1.81878745593587
-0.108420528155465
-0.010299131090392
0.298423342909655
-2.79507163856535
-2.79507163856535
0.298423342909655
-0.0993737046989592
1.05065511219159
0.00725088242886795
0.0563296498975212
0.00725088242886795
0.0439736388015676
-0.243452655930834
-0.62863120203515
-0.243452655930834
0.0439736388015676
0.0579482060621651
-0.83611046700701
2.76746503505693
2.76746503505692
-0.836110467007009
0.057948206062165
0.00513227504657174
0.0540282443542761
-0.906340291544156
5.29325773163437
-14.7922581633177
5.29325773163437
-0.906340291544156
0.054028244354276
0.00513227504657174
-0.148710669151357
1.39284336689061
1.3928433668906
-0.148710669151357
0.0495200207120041
-0.52356368391935
37.6082286772126
-10.622181153317
1.24330157739004
-0.108420528155465
-0.135914590162751
1.6117026857065
-12.3070807786698
1.6117026857065
-0.135914590162751
1.35913234060048
0.0354157073776285
0.0354157073776285
0.0439736388015676
-0.297231268501182
-0.62863120203515
-0.297231268501182
0.0439736388015676
0.0495378473452117
-0.741772766018512
3.52845949600695
3.52845949600694
-0.741772766018512
0.0495378473452117
0.054028244354276
-0.619563495696732
5.29325773163437
-18.7409764854712
5.29325773163437
-0.619563495696733
0.0540282443542761
0.0677291174794397
-0.803145566722688
6.13287888290249
-0.803145566722688
0.0677291174794397
-0.677284417047551
29.6841857781366
-10.622181153317
1.81878745593587
-0.108420528155465
-0.0993737046989592
0.298423342909655
-2.79507163856535
-2.79507163856535
0.298423342909655
1.05065511219159
0.00725088242886795
0.0563296498975212
0.00725088242886795
0.0439736388015676
-0.243452655930834
-0.628631202035151
-0.243452655930833
0.0439736388015676
0.057948206062165
-0.83611046700701
2.76746503505693
2.76746503505692
-0.83611046700701
0.0579482060621651
0.00513227504657174
0.00513227504657174
0.054028244354276
-0.906340291544156
5.29325773163437
-14.7922581633177
5.29325773163437
-0.906340291544156
0.0540282443542761
0.0495200207120041
-0.148710669151357
1.3928433668906
1.39284336689061
-0.148710669151357
-0.52356368391935
37.6082286772126
-10.622181153317
1.24330157739004
-0.135914590162751
-0.135914590162751
1.6117026857065
-12.3070807786698
1.6117026857065
1.35913234060048
0.0354157073776285
0.0354157073776285
0.0439736388015676
-0.297231268501181
-0.62863120203515
-0.297231268501182
0.0439736388015676
0.0495378473452117
-0.741772766018513
3.52845949600695
3.52845949600695
-0.741772766018512
0.0495378473452117
0.054028244354276
0.054028244354276
-0.619563495696733
5.29325773163437
-18.7409764854712
5.29325773163437
-0.619563495696733
0.0677291174794396
0.0677291174794396
-0.803145566722688
6.13287888290249
-0.803145566722688
-0.677284417047551
29.6841857781366
-10.622181153317
0.298423342909655
-0.0993737046989592
0.298423342909655
-2.79507163856535
-2.79507163856534
1.05065511219159
0.00725088242886795
0.00725088242886795
0.0563296498975212
0.0439736388015676
0.0439736388015676
-0.243452655930834
-0.62863120203515
-0.243452655930833
0.057948206062165
0.0579482060621652
-0.83611046700701
2.76746503505693
2.76746503505693
-0.83611046700701
-0.906340291544155
0.054028244354276
0.00513227504657174
0.00513227504657174
0.0540282443542761
-0.906340291544156
5.29325773163437
-14.7922581633177
5.29325773163437
-0.148710669151357
0.049520020712004
-0.148710669151357
1.3928433668906
1.3928433668906
-0.52356368391935
37.6082286772126
1.6117026857065
-0.135914590162751
-0.135914590162751
1.61170268570651
-12.3070807786698
1.35913234060048
0.0354157073776285
0.0354157073776285
-0.297231268501182
0.0439736388015676
0.0439736388015676
-0.297231268501182
-0.62863120203515
-0.741772766018512
0.0495378473452117
0.0495378473452117
-0.741772766018512
3.52845949600695
3.52845949600695
5.29325773163437
-0.619563495696732
0.054028244354276
0.0540282443542761
-0.619563495696733
5.29325773163437
-18.7409764854712
-0.803145566722688
0.0677291174794396
0.0677291174794397
-0.803145566722689
6.13287888290249
-0.677284417047552
31.1319103906361
-6.15889837293379
2.22326036432318
2.22326036432317
-6.15889837293379
-10.4483198365801
0.0354157073776285
0.0563296498975212
0.0354157073776285
0.00725088242886795
0.00725088242886795
-0.828983764019007
-0.828983764019007
-0.130237187834341
0.0494479686769258
0.00775553849139259
0.00775553849139259
0.0494479686769258
-0.130237187834341
1.3928433668906
6.13287888290249
1.3928433668906
-0.803145566722688
-0.148710669151357
0.0677291174794397
0.0495200207120041
0.0677291174794396
-0.148710669151357
-0.803145566722688
-15.5136899848789
3.06910943810273
-1.10789770415608
-1.10789770415608
3.06910943810273
5.2066189570017
31.1319103906361
-6.15889837293379
2.22326036432317
2.22326036432317
-10.4483198365801
0.00725088242886795
0.0354157073776285
0.0563296498975212
0.0354157073776285
0.00725088242886796
0.0494479686769258
-0.130237187834341
-0.828983764019007
-0.828983764019007
-0.130237187834341
0.0494479686769258
0.00775553849139258
0.00775553849139259
-0.148710669151357
-0.803145566722688
1.3928433668906
6.13287888290249
1.39284336689061
-0.803145566722688
-0.148710669151357
0.0677291174794396
0.049520020712004
0.0677291174794396
3.06910943810273
-15.5136899848789
3.06910943810273
-1.10789770415608
-1.10789770415608
5.2066189570017
31.1319103906361
-6.15889837293379
2.22326036432318
-10.4483198365801
0.00725088242886795
0.0354157073776285
0.0563296498975212
0.0354157073776285
0.00725088242886795
0.00775553849139259
0.0494479686769258
-0.130237187834341
-0.828983764019007
-0.828983764019006
-0.130237187834341
0.0494479686769258
0.00775553849139259
0.0495200207120041
0.0677291174794396
-0.148710669151357
-0.803145566722688
1.3928433668906
6.13287888290249
1.3928433668906
-0.803145566722688
-0.148710669151357
0.0677291174794397
-1.10789770415608
3.06910943810273
-15.5136899848789
3.06910943810273
-1.10789770415608
5.2066189570017
31.1319103906361
-6.15889837293379
-10.4483198365801
0.00725088242886796
0.0354157073776285
0.0563296498975212
0.0354157073776285
0.00725088242886795
0.00775553849139259
0.00775553849139259
0.0494479686769259
-0.130237187834341
-0.828983764019007
-0.828983764019007
-0.130237187834341
0.0494479686769259
-0.148710669151357
0.0677291174794396
0.049520020712004
0.0677291174794396
-0.148710669151357
-0.803145566722688
1.39284336689061
6.13287888290249
1.3928433668906
-0.803145566722689
-1.10789770415608
-1.10789770415608
3.06910943810273
-15.5136899848789
3.06910943810273
5.2066189570017
31.1319103906361
-10.4483198365801
0.0354157073776285
0.00725088242886795
0.00725088242886795
0.0354157073776285
0.0563296498975212
-0.130237187834341
0.0494479686769258
0.00775553849139259
0.0077555384913926
0.0494479686769258
-0.130237187834341
-0.828983764019007
-0.828983764019007
1.3928433668906
-0.803145566722688
-0.148710669151357
0.0677291174794396
0.0495200207120041
0.0677291174794397
-0.148710669151357
-0.803145566722688
1.3928433668906
6.13287888290249
3.06910943810273
-1.10789770415608
-1.10789770415608
3.06910943810273
-15.5136899848789
5.2066189570017
42.331151610425
0.0461275348557229
0.0461275348557229
0.0461275348557229
0.0461275348557229
0.046127534855723
0.0461275348557229
0.0461275348557229
0.0461275348557229
0.046127534855723
0.046127534855723
-0.52356368391935
-0.677284417047551
-0.52356368391935
-0.677284417047551
-0.52356368391935
-0.677284417047551
-0.52356368391935
-0.677284417047551
-0.52356368391935
-0.677284417047552
5.2066189570017
5.2066189570017
5.2066189570017
5.2066189570017
5.2066189570017
-21.0945089635285
21.2342795067608
-5.23846541513429
-5.23846541513429
-5.23846541513429
-5.23846541513429
-5.23846541513429
0.680589000406037
0.526212292112185
0.680589000406038
0.526212292112185
0.680589000406038
0.526212292112185
0.680589000406038
0.526212292112185
0.680589000406038
0.526212292112185
-0.0462829372982511
-0.0462829372982511
-0.0462829372982512
-0.0462829372982512
-0.0462829372982512
-0.0462829372982511
-0.0462829372982511
-0.0462829372982511
-0.0462829372982511
-0.0462829372982511
15.6275798232194
-3.08946470299053
1.11338277640146
1.11338277640146
-3.08946470299053
-6.17070544899956
-1.40303182358256
0.807164658627774
0.149574950611611
-0.0679572950813753
-0.0496868523494796
-0.0679572950813753
0.149574950611611
0.807164658627774
-1.40303182358256
0.833137285623792
0.131026257650013
-0.0496145575730046
-0.00778166669504478
-0.00778166669504478
-0.0496145575730046
0.131026257650013
0.833137285623792
-0.0565194229952645
-0.0355350219572513
-0.00727531045961911
-0.00727531045961911
-0.0355350219572513
15.6275798232195
-3.08946470299053
1.11338277640146
1.11338277640146
0.807164658627774
-1.40303182358256
-6.17070544899956
-1.40303182358256
0.807164658627775
0.149574950611611
-0.0679572950813753
-0.0496868523494796
-0.0679572950813753
0.149574950611611
0.131026257650013
0.833137285623792
0.833137285623793
0.131026257650013
-0.0496145575730047
-0.00778166669504478
-0.00778166669504478
-0.0496145575730046
-0.00727531045961911
-0.0355350219572513
-0.0565194229952645
-0.0355350219572513
-0.00727531045961911
15.6275798232194
-3.08946470299053
1.11338277640146
-0.0679572950813753
0.149574950611611
0.807164658627774
-1.40303182358256
-6.17070544899956
-1.40303182358256
0.807164658627774
0.149574950611611
-0.0679572950813753
-0.0496868523494796
-0.00778166669504478
-0.0496145575730046
0.131026257650013
0.833137285623792
0.833137285623793
0.131026257650013
-0.0496145575730046
-0.00778166669504478
-0.00727531045961911
-0.0355350219572513
-0.0565194229952644
-0.0355350219572513
-0.00727531045961911
15.6275798232195
-3.08946470299053
-0.0679572950813753
-0.0496868523494796
-0.0679572950813753
0.149574950611611
0.807164658627774
-1.40303182358256
-6.17070544899956
-1.40303182358256
0.807164658627774
0.149574950611611
-0.00778166669504478
-0.0496145575730046
0.131026257650013
0.833137285623793
0.833137285623792
0.131026257650013
-0.0496145575730046
-0.00778166669504479
-0.00727531045961911
-0.0355350219572513
-0.0565194229952645
-0.0355350219572513
-0.00727531045961911
15.6275798232194
0.807164658627774
0.149574950611611
-0.0679572950813753
-0.0496868523494796
-0.0679572950813753
0.149574950611611
0.807164658627775
-1.40303182358256
-6.17070544899956
-1.40303182358256
-0.0496145575730046
-0.00778166669504478
-0.00778166669504479
-0.0496145575730047
0.131026257650013
0.833137285623793
0.833137285623793
0.131026257650013
-0.00727531045961911
-0.0072753104596191
-0.0355350219572513
-0.0565194229952645
-0.0355350219572513
18.8702185453662
-5.32620529180682
0.622636560677927
-0.0542102640777324
-0.0542102640777324
0.622636560677927
-5.32620529180682
-3.55092619860305
0.745486186649651
-0.0497047390401422
-0.0497047390401421
0.74548618664965
-3.55092619860304
0.631795935533618
0.29875607858691
-0.0441217848253685
-0.0441217848253685
0.29875607858691
-0.0355350219572513
-0.0355350219572513
14.9024166087024
-5.32620529180682
0.910855251133387
-0.0542102640777324
-0.00514956554519601
-0.005149565545196
-0.0542102640777324
0.910855251133386
-2.78624941707413
-2.78624941707413
0.840322232939998
-0.0581434320327346
-0.0581434320327345
0.840322232939998
0.244796287295971
0.631795935533618
0.244796287295971
-0.0441217848253685
-0.0441217848253685
-0.0565194229952645
-0.00727531045961911
-0.00727531045961911
18.8702185453662
-5.32620529180682
0.622636560677927
-0.0542102640777324
-0.0542102640777324
0.745486186649651
-3.55092619860304
-3.55092619860304
0.745486186649651
-0.0497047390401422
-0.0497047390401421
-0.0441217848253685
0.29875607858691
0.631795935533618
0.29875607858691
-0.0441217848253685
-0.0355350219572513
-0.0355350219572513
14.9024166087024
-5.32620529180682
0.910855251133387
-0.0542102640777324
-0.005149565545196
-0.00514956554519601
-0.0581434320327346
0.840322232939998
-2.78624941707413
-2.78624941707413
0.840322232939998
-0.0581434320327345
-0.0441217848253685
0.244796287295971
0.631795935533618
0.244796287295971
-0.0441217848253685
-0.00727531045961911
-0.0565194229952645
-0.00727531045961911
18.8702185453662
-5.32620529180682
0.622636560677927
-0.0542102640777324
-0.0497047390401422
0.745486186649651
-3.55092619860304
-3.55092619860304
0.74548618664965
-0.0497047390401421
-0.0441217848253685
0.29875607858691
0.631795935533618
0.29875607858691
-0.0441217848253685
-0.0355350219572513
-0.0355350219572513
14.9024166087024
-5.32620529180682
0.910855251133387
-0.0542102640777324
-0.00514956554519601
-0.0581434320327346
0.840322232939998
-2.78624941707414
-2.78624941707413
0.840322232939998
-0.0581434320327346
-0.0441217848253685
0.244796287295971
0.631795935533618
0.244796287295971
-0.0441217848253685
-0.00727531045961911
-0.0565194229952645
-0.00727531045961911
18.8702185453662
-5.32620529180682
0.622636560677928
-0.0542102640777324
-0.0497047390401422
0.745486186649651
-3.55092619860305
-3.55092619860304
0.745486186649651
-0.0497047390401422
-0.0441217848253685
0.29875607858691
0.631795935533618
0.29875607858691
-0.0441217848253685
-0.0355350219572513
-0.0355350219572513
14.9024166087024
-5.32620529180682
0.910855251133387
-0.0581434320327346
0.84032223294
-2.78624941707413
-2.78624941707413
0.840322232939999
-0.0581434320327346
-0.0441217848253685
0.24479628729597
0.631795935533618
0.244796287295971
-0.0441217848253685
-0.00727531045961911
-0.0565194229952645
-0.00727531045961911
18.8702185453662
-5.32620529180682
-0.0497047390401421
-0.0497047390401422
0.745486186649651
-3.55092619860304
-3.55092619860304
0.745486186649651
-0.0441217848253685
-0.0441217848253685
0.29875607858691
0.631795935533618
0.29875607858691
-0.0355350219572513
-0.0355350219572513
14.9024166087024
0.840322232939998
-0.0581434320327346
-0.0581434320327346
0.840322232939998
-2.78624941707413
-2.78624941707413
0.244796287295971
-0.0441217848253685
-0.0441217848253685
0.244796287295971
0.631795935533618
-0.00727531045961911
-0.00727531045961911
-0.0565194229952645
13.6089500440159
-2.54534586939169
0.200274879536025
-0.00864146182106528
-0.00864146182106526
0.200274879536024
-2.54534586939169
-2.78624941707413
-3.55092619860304
0.840322232939998
-0.0497047390401422
-0.0581434320327345
0.745486186649651
0.833137285623792
-0.0496145575730046
-0.00778166669504478
0.131026257650013
-0.0462829372982511
13.6089500440159
-2.54534586939169
0.200274879536025
-0.00864146182106527
-0.00864146182106527
0.200274879536025
0.840322232939998
-3.55092619860304
-2.78624941707413
0.74548618664965
-0.0581434320327346
-0.0497047390401422
0.833137285623792
0.131026257650013
-0.00778166669504477
-0.0496145575730046
-0.0462829372982511
13.6089500440159
-2.54534586939169
0.200274879536025
-0.00864146182106525
-0.00864146182106527
-0.0581434320327346
0.745486186649651
-2.78624941707413
-3.55092619860304
0.840322232939998
-0.0497047390401422
0.131026257650013
0.833137285623792
-0.0496145575730046
-0.00778166669504477
-0.0462829372982511
13.6089500440159
-2.54534586939169
0.200274879536024
-0.00864146182106527
-0.0497047390401422
0.840322232939998
-3.55092619860304
-2.78624941707413
0.745486186649651
-0.0581434320327345
-0.0496145575730046
0.833137285623792
0.131026257650013
-0.00778166669504478
-0.0462829372982511
13.6089500440159
-2.54534586939169
0.200274879536025
-0.00864146182106527
-0.0581434320327346
0.74548618664965
-2.78624941707413
-3.55092619860304
0.840322232939998
-0.0497047390401422
-0.00778166669504478
0.131026257650013
0.833137285623792
-0.0496145575730046
-0.0462829372982511
13.6089500440159
-2.5453458693917
0.200274879536025
-0.00864146182106529
-0.0497047390401421
0.840322232939997
-3.55092619860304
-2.78624941707413
0.745486186649652
-0.0581434320327346
-0.0496145575730046
0.833137285623791
0.131026257650013
-0.00778166669504479
-0.0462829372982511
13.6089500440159
-2.54534586939169
0.200274879536025
-0.00864146182106527
-0.0581434320327345
0.745486186649651
-2.78624941707413
-3.55092619860304
0.840322232939998
-0.0497047390401422
-0.00778166669504477
0.131026257650013
0.833137285623792
-0.0496145575730046
-0.0462829372982511
13.6089500440159
-2.54534586939169
0.200274879536025
-0.0581434320327345
-0.0497047390401422
0.840322232939998
-3.55092619860304
-2.78624941707413
0.745486186649651
-0.00778166669504477
-0.0496145575730046
0.833137285623792
0.131026257650013
-0.0462829372982511
13.6089500440159
-2.54534586939169
0.840322232939998
-0.0497047390401421
-0.0581434320327346
0.745486186649651
-2.78624941707413
-3.55092619860304
-0.0496145575730046
-0.00778166669504478
0.131026257650013
0.833137285623792
-0.0462829372982511
13.6089500440159
-2.78624941707413
0.74548618664965
-0.0581434320327346
-0.0497047390401422
0.840322232939998
-3.55092619860304
0.131026257650013
-0.00778166669504477
-0.0496145575730046
0.833137285623792
-0.0462829372982511
14.9024166087024
-5.32620529180682
0.910855251133388
-0.0542102640777324
-0.00514956554519601
-0.00514956554519601
-0.0542102640777324
0.910855251133387
-5.32620529180682
-1.40303182358256
0.149574950611611
-0.0496868523494796
0.149574950611611
-1.40303182358256
0.526212292112185
18.8702185453662
-5.32620529180682
0.622636560677928
-0.0542102640777325
-0.0542102640777324
0.622636560677927
-6.17070544899956
0.807164658627774
-0.0679572950813753
-0.0679572950813753
0.807164658627774
0.680589000406037
14.9024166087024
-5.32620529180682
0.910855251133387
-0.0542102640777324
-0.00514956554519601
-0.005149565545196
-0.0542102640777324
-1.40303182358256
-1.40303182358256
0.149574950611611
-0.0496868523494796
0.149574950611611
0.526212292112185
18.8702185453662
-5.32620529180682
0.622636560677928
-0.0542102640777324
0.807164658627774
-6.17070544899956
0.807164658627774
-0.0679572950813753
-0.0679572950813753
0.680589000406037
14.9024166087024
-5.32620529180682
0.910855251133387
-0.0542102640777324
-0.00514956554519601
0.149574950611611
-1.40303182358256
-1.40303182358256
0.149574950611611
-0.0496868523494796
0.526212292112185
18.8702185453662
-5.32620529180682
0.622636560677928
-0.0542102640777325
-0.0679572950813753
0.807164658627774
-6.17070544899955
0.807164658627774
-0.0679572950813753
0.680589000406037
14.9024166087024
-5.32620529180682
0.910855251133388
-0.0542102640777325
-0.0496868523494796
0.149574950611611
-1.40303182358256
-1.40303182358256
0.149574950611611
0.526212292112185
18.8702185453662
-5.32620529180682
0.622636560677928
-0.0679572950813753
-0.0679572950813753
0.807164658627774
-6.17070544899956
0.807164658627774
0.680589000406037
14.9024166087024
-5.32620529180682
0.149574950611611
-0.0496868523494796
0.149574950611611
-1.40303182358256
-1.40303182358256
0.526212292112185
18.8702185453662
0.807164658627774
-0.0679572950813753
-0.0679572950813753
0.807164658627775
-6.17070544899956
0.680589000406038
15.6275798232194
-3.08946470299053
1.11338277640146
1.11338277640146
-3.08946470299053
-5.23846541513429
15.6275798232195
-3.08946470299053
1.11338277640146
1.11338277640146
-5.23846541513429
15.6275798232195
-3.08946470299053
1.11338277640146
-5.23846541513429
15.6275798232195
-3.08946470299053
-5.23846541513429
15.6275798232195
-5.23846541513429
21.2342795067608
