./RGF CALL  42 1 2 11790

44
44
459
0
1
2
3
4
5
6
7
8
9
10
11
12
13
14
15
42
43
1
2
3
4
5
6
7
8
9
13
14
15
16
17
24
25
42
43
2
3
4
5
6
7
8
9
10
11
15
16
17
18
19
42
43
3
4
5
7
8
9
10
11
12
13
18
19
20
21
42
43
4
5
9
10
11
12
13
14
15
20
21
22
23
42
43
5
6
7
11
12
13
14
15
22
23
24
25
42
43
6
7
8
14
15
16
17
24
25
26
27
35
42
43
7
8
9
15
16
17
18
25
26
27
28
42
43
8
9
10
16
17
18
19
27
28
29
42
43
9
10
11
17
18
19
20
28
29
30
42
43
10
11
12
18
19
20
21
29
30
31
42
43
11
12
13
19
20
21
22
30
31
32
42
43
12
13
14
20
21
22
23
31
32
33
42
43
13
14
15
21
22
23
24
32
33
34
42
43
14
15
22
23
24
25
33
34
35
42
43
15
16
23
24
25
26
34
35
42
43
16
17
18
24
25
26
27
28
35
36
40
42
43
17
18
19
25
26
27
28
29
36
37
42
43
18
19
20
27
28
29
30
36
37
42
43
19
20
21
28
29
30
31
37
38
42
43
20
21
22
29
30
31
32
37
38
42
43
21
22
23
30
31
32
33
38
39
42
43
22
23
24
31
32
33
34
38
39
42
43
23
24
25
32
33
34
35
39
40
42
43
24
25
26
33
34
35
39
40
42
43
25
26
27
34
35
36
40
42
43
26
27
28
34
35
36
37
39
40
41
42
43
27
28
29
35
36
37
40
41
42
43
28
29
30
36
37
38
40
41
42
43
29
30
31
36
37
38
41
42
43
30
31
32
36
37
38
39
41
42
43
31
32
33
37
38
39
41
42
43
32
33
34
37
38
39
40
41
42
43
33
34
35
38
39
40
41
42
43
34
35
36
38
39
40
41
42
43
35
36
39
40
41
42
43
36
37
38
39
40
41
42
43
37
38
39
40
41
42
43
38
39
40
41
42
43
39
40
41
42
43
40
41
42
43
41
42
43
42
43
43
0
18
36
53
69
84
98
112
125
137
149
161
173
185
197
208
218
231
243
254
265
276
287
298
309
319
328
340
350
360
369
379
388
398
407
416
423
431
438
444
449
453
456
458
459
3.63157
3.04971
2.06757
1.24688
4.69012
1.36174
8.3959e-05
7.26236e-05
8.3959e-05
7.26236e-05
8.3959e-05
7.26236e-05
8.3959e-05
7.26236e-05
8.3959e-05
7.26236e-05
16.0484
3.18249
139.022
23.8167
0.000143862
0.000143862
0.918791
24.3014
29.0212
0.000107804
2.98198e-05
2.98198e-05
0.000107804
1.37504
0.000111693
2.87547e-05
2.87547e-05
0.000111693
221.506
48.7022
41.5301
4.5719
0.000143862
0.000143862
0.000107804
9.52102
3.46189
5.25628
0.000107804
2.98198e-05
2.98198e-05
2.87547e-05
0.000111693
0.000111693
2.87547e-05
90.2263
25.0771
20.4644
4.91754
0.000143862
2.98198e-05
0.000107804
5.57433
4.04684
0.775292
0.000107804
2.98198e-05
2.87547e-05
0.000111693
0.000111693
2.87547e-05
41.598
11.5985
131.811
23.3617
2.98198e-05
0.000107804
0.869553
7.5078
117.283
0.000107804
2.98198e-05
2.87547e-05
0.000111693
0.000111693
2.87547e-05
290.441
280.355
122.012
0.000107804
2.98198e-05
2.98198e-05
0.000107804
119.396
79.3628
4.04987
2.87547e-05
0.000111693
0.000111693
2.87547e-05
350.464
192.654
22.4159
5.23291
8.09171e-05
8.09171e-05
1.6697
1.3616
9.96847e-05
9.96847e-05
1.69363
8.59341e-05
4.2967e-05
4.2967e-05
56.676
21.6947
23.8454
2.55599
0.000119969
0.000119969
0.25048
1.2004
0.000114503
0.000114503
4.2967e-05
8.59341e-05
4.2967e-05
71.6282
22.5718
12.1979
1.35139
8.09171e-05
9.96847e-05
1.38689
2.03351
9.96847e-05
4.2967e-05
8.59341e-05
4.2967e-05
22.9884
12.1689
11.2152
3.80561
0.000119969
0.000114503
1.03333
0.899494
0.000114503
4.2967e-05
8.59341e-05
4.2967e-05
29.1364
17.5243
10.4492
0.0501794
8.09171e-05
9.96847e-05
0.47844
0.336984
9.96847e-05
4.2967e-05
8.59341e-05
4.2967e-05
19.1681
2.11588
0.807913
0.911807
0.000119969
0.000114503
0.262706
0.638589
0.000114503
4.2967e-05
8.59341e-05
4.2967e-05
4.31681
0.941668
7.94364
19.6584
8.09171e-05
9.96847e-05
1.53176
-9.89282e-05
9.96847e-05
4.2967e-05
8.59341e-05
4.2967e-05
37.5541
28.2121
462.573
90.532
0.000119969
0.000114503
0.124944
3.17872
0.000114503
4.2967e-05
8.59341e-05
4.2967e-05
812.747
819.612
161.341
1.85441
9.96847e-05
3.77394
1.43596
9.96847e-05
4.2967e-05
8.59341e-05
4.2967e-05
338.301
72.3742
2.20456
0.000114503
0.000114503
-0.000403803
0.220657
4.2967e-05
4.2967e-05
8.59341e-05
11.3746
1.71571
1.95207
0.253983
3.68702e-05
3.68702e-05
0.993961
0.198791
0.604065
0.000114503
9.96847e-05
0.000111693
2.87547e-05
5.61574
2.43625
2.02867
0.459755
3.68702e-05
3.68702e-05
0.000114503
0.70401
0.215714
9.96847e-05
0.000111693
2.87547e-05
6.2502
2.20025
4.33159
1.4786
3.68702e-05
9.96847e-05
-0.000403803
0.330173
0.000114503
2.87547e-05
0.000111693
9.66733
1.52966
9.33181
0.916453
3.68702e-05
0.000114503
2.03964
3.77635
9.96847e-05
0.000111693
2.87547e-05
18.9216
1.5897
2.4941
0.139365
3.68702e-05
9.96847e-05
2.46785
0.335293
0.000114503
2.87547e-05
0.000111693
6.95353
0.552822
1.19013
0.00251055
3.68702e-05
0.000114503
0.154253
0.0513338
9.96847e-05
0.000111693
2.87547e-05
3.70873
1.60055
0.02012
0.0194655
3.68702e-05
9.96847e-05
0.00324434
0.0162301
0.000114503
2.87547e-05
0.000111693
0.187199
0.0361775
2.03368
0.296658
3.68702e-05
0.000114503
0.00250655
0.0968807
9.96847e-05
0.000111693
2.87547e-05
9.40262
2.82433
1.67582
-0.000367157
0.000114503
9.96847e-05
0.849947
0.120748
2.87547e-05
0.000111693
4.37914
1.45714
1.89453
-0.000403803
9.96847e-05
0.000114503
-0.000495619
2.87547e-05
0.000111693
4.8023
1.04973
1.00461
1.71184
0.000119969
0.000119969
-0.000736951
0.0868354
2.98198e-05
2.98198e-05
-0.000209251
7.26236e-05
3.0015
2.32854
5.6893
0.170004
8.09171e-05
8.09171e-05
0.185847
0.000107804
0.000107804
8.3959e-05
9.06589
6.46912
0.188087
-0.000736951
0.000119969
0.0352823
0.0241039
2.98198e-05
2.98198e-05
7.26236e-05
0.632824
0.143837
9.99744
4.72778
8.09171e-05
0.000107804
0.582349
0.000107804
8.3959e-05
17.6775
3.00847
57.5883
3.56359
0.000119969
2.98198e-05
3.61614
5.33884
2.98198e-05
7.26236e-05
81.0796
18.8805
1.39602
-0.000736951
8.09171e-05
0.000107804
0.334376
0.000107804
8.3959e-05
5.78362
1.26214
0.067516
-0.000736951
0.000119969
2.98198e-05
-0.000209251
-0.000209251
2.98198e-05
7.26236e-05
0.120975
0.000362924
0.184013
-0.000736951
8.09171e-05
0.000107804
-0.000849707
0.000107804
8.3959e-05
0.201258
0.0138868
4.37732
0.538352
2.98198e-05
2.98198e-05
0.404272
0.837172
7.26236e-05
7.10397
3.42223
0.277901
0.000107804
0.000107804
0.0703927
8.3959e-05
1.00699
0.177077
0.465936
0.182444
0.000143862
0.000143862
0.0911553
0.156654
1.205
0.222537
1.16282
0.546276
0.000143862
0.000143862
0.147334
6.2623
1.03607
1.46831
-0.00044306
0.000143862
0.0498251
7.73782
2.1382
0.412302
0.67643
0.0214541
1.5138
0.183601
1.69394
0.141698
3.51142
0.471796
0.220132
0.73788
0.141311
2630.7
1615.68
2455.7
