20.45
23.25
22.55
7.7
5.45
2.55
5.6
5.35
2.55
5.2
3.25
0.75
4.2
27.85
29
27.95
22.2
24.1
12.4
21.5
18.95
12.8
24.15
25.2
28.75
27.75
22.1
27.15
21.45
20.65
11.95
18.25
25.8
22.7
12.9
9.65
16.25
10.6
8.6
23.8
31.9
28.35
30.1
28.8
29.25
31.6
32.6
32.65
31.85
31.1
32.3
31.2
32.05
32.35
29.6
29.2
28.85
29.35
34.45
32.45
29.5
31.5
33.85
30.4
28.45
25
24.35
27.85
24.75
35.25
31.6
36.65
37.4
34.25
25.4
28.25
22.1
22.95
28.2
28.45
25.2
24.05
24.4
25.5
21.75
21.75
24.2
25.35
23.05
22.25
24.85
25.15
22.6
21.15
20.75
25.4
22.2
25.55
24.5
26.75
20.6
24.5
21.25
25
20.65
24.15
24.45
23.8
24.5
26.35
21
30.8
31.1
29.2
29.3
28.75
28.6
27.25
28.55
28.55
29
26.8
27.2
22.1
27.75
21.95
26.5
26.4
27.1
23.75
26
29.8
24.35
28.75
32.55
21.85
26.25
36.2
37.9
37.5
37.8
30.9
36.15
37.5
36.05
36
29.8
30.3
28.85
26.75
29.5
28.4
29.1
29
28.3
28.55
28.55
28.45
27.3
28.1
27.85
31.25
28.65
30.75
31.85
31.15
33.05
33.5
29.6
26.7
29.4
30.45
29.5
30.85
33.75
35.5
35.2
34.3
35.05
35.1
34.2
34.95
38.85
34.3
28.8
30.4
30.15
30.15
32.05
26.95
33.75
31.45
38.35
34.3
19.1
19.1
20.5
22.95
18.05
22.7
21.5
20.3
23.9
19.05
23.7
27
25.7
26.5
22.15
22.2
20.4
21.65
20.35
19.8
22.65
18.5
19
19.1
22.7
22.55
21.4
21.4
22.6
24.15
21.8
21.7
21.5
20.85
16.85
19.05
20.85
22.55
19.7
19.6
24.9
26.3
23.15
18.05
19.65
21.1
20.25
22.3
17.15
17.15
17.4
18.4
16.2
19.3
19.3
14.4
26.25
28.4
28.2
25.65
25.8
26.7
26.5
29.1
32.15
33.65
32.85
33.95
31.9
34.45
33
29.65
29.45
28
27.1
23.75
25.85
25.25
25.75
27.35
27.35
27.35
27.6
26.1
27.55
27.6
27.05
27.35
25.1
25.85
26.1
26.9
26.95
23.45
24.3
26.15
26.55
26.5
28.3
31.6
31.75
34.2
33.6
32
30.95
34.55
33.4
38.1
26.9
26
26.35
26.6
27.1
25.4
27.25
26.65
25.25
26.1
26.35
25
24.4
24.7
25.95
24.8
26.6
26.05
26.15
25.3
25.2
24.8
27.25
22.9
27
21.1
27.55
20.9
25.4
24.45
23.65
23.85
27.3
29.6
29.45
30.8
31.9
32.5
35.5
37.6
34.25
35.6
35.7
34.2
27.9
32.55
30.95
30.35
32.75
32.5
35.6
32.8
32.95
34.35
31.75
29.45
29
31.15
30.05
30.45
30.9
32.8
31
32.55
30
28.95
31.6
31.3
30.05
25.15
30.4
30.5
21
25.6
23
20.4
22.8
25.95
20.15
24.25
24.3
24.95
24.15
24.6
23.95
25.65
25.25
24
25.05
25.3
21.15
20.2
22.25
27.1
25.2
27.35
23.75
23.75
27.75
28
28.15
27.8
26.15
29.4
23.95
27.2
30.6
26.1
28.45
28.85
22.55
27.65
25.75
22.05
27.05
22.95
25.4
23.5
22.4
28.35
29.7
29.05
29
28.95
30.8
28.8
27.55
28
26.65
27.75
28.2
26.45
28.35
29.15
26.8
27
23
27.1
24.35
24.45
26.5
24.4
27.2
21.75
22
22.7
23.55
22
22.45
22.4
21.4
21.55
23.75
24.5
21.85
25.7
22.6
22.4
24.75
24.95
19.7
15.9
19
28.3
24.25
28.15
28.2
20.15
24.3
27.3
27.2
26.45
26.25
27.9
29.2
29.45
30.05
30.9
30.55
30.05
29.7
28.2
27.6
26.35
29.5
22.6
24.2
22.75
20.6
20.35
22.45
20.15
22.15
27.85
29.45
27.6
27.35
26.6
29.4
28.35
28.2
24.9
24.45
26.9
25.3
27.35
16.9
25.4
16.5
16.5
23.45
19.45
23.35
19.15
21.35
23.05
20.85
20.25
18.6
20.9
17.75
15.15
19.95
21.8
17.15
21.85
20.9
20.75
21.65
19.65
20.7
17.6
19.85
15.9
18.85
19
20.9
18.65
18.7
19.45
22.25
24.05
25.75
25.4
23.75
20.5
24.85
18.45
20.35
18.6
16.05
19.5
14.25
16.1
16.15
18.25
18.3
15.55
14.75
18.45
18.9
16.75
16.25
19.6
16.85
14.15
18
14.25
18.75
17.65
18.75
18.35
17.4
20.2
19.4
22.4
20.15
19.25
21
19.6
19.9
17.95
17.85
20.65
14.6
11.2
17.2
10.3
16.4
18
19.1
19.65
17.35
16.9
17.6
14.85
13.3
17.25
14.6
15.75
16.3
14.75
8.05
16.85
19
4.6
5.1
3.35
2.4
-2.65
5.15
0.3
3.1
-4.95
-6.15
-4.1
0.7
-1.65
0.95
2.05
2.25
0.8
0.45
1.95
1.2
2.1
-0.1
-0.2
-5.2
1.3
-0.9
-2.45
-1.35
-1.1
-4.25
21.2
29.8
23.85
25.2
26.55
1
19.3
22.7
28.45
27.2
28.3
25.35
10.15
27
26.4
26.1
27.5
29
29.25
10.5
24.9
23.85
28.7
27.85
29.5
-0.95
-0.95
-0.6
4.35
3.35
-0.1
-0.35
0.7
0.45
-0.4
0.7
2.3
0.4
0.55
-0.55
0.2
27.75
0.8
3.3
3.75
4.2
4.75
2.2
3.1
3.25
5.55
4
3.75
2.6
1.75
3.55
4.4
5.1
4.9
2
2.75
3.35
3.25
2.5
2.25
5.35
3.5
4
2.15
3.1
4.5
2
5.25
5.5
5.15
1.5
1.75
5.5
3.25
2
1.4
7.5
6.3
4.25
3.75
1.5
3.75
5.5
3.6
2.25
2.25
2.65
2.6
1.1
-2.5
8.9
9.25
9.65
5.75
5
7.75
8
4.7
11.35
6.5
5.75
6
8.55
5.4
6.25
-1.5
1.5
4.25
7.85
6.5
7.6
3.5
2.65
7.75
2.75
0.5
-1.9
-3
-2.75
-3.3
1.85
-2.15
-2.2
-2.1
-2.25
-2
-1.95
-4.25
-4.75
0
-3.5
2.2
2.05
-1.9
1.5
-2.55
2.35
2
2.25
1.75
2.75
-4
2.4
4.1
3.25
2.75
3.95
3.35
3.05
4.45
2.7
-1.25
3.7
1.85
1.95
-3.25
1.95
1.9
-4
-1.8
-0.45
0
-0.5
-1
-2.65
-0.25
-1
-3.5
-2.65
-7.5
-4.15
-2.35
-7.25
-5.75
-3.75
-2.5
-2.7
-1
-3.25
-2.35
-3.65
-3.6
-4.75
-10.15
-10
-6
-9.25
-10
-12.25
-13.1
-1.25
-7
-7.05
-5.5
-2.55
-3.25
-6
-1.5
-6
-3.75
-3.5
-1.85
-9
-7.25
-11
-4.75
-3.85
3.5
3.75
1.4
-2.4
-4
-4.45
-3.05
1.75
0.5
-6.8
-6.65
-6.2
-2.3
-11.35
-11.5
-7
-12
-5.45
-11.95
-2.75
-10.45
-2.8
-0.55
-0.85
-12.65
-15.35
-14.75
-12.35
-3.95
-9.35
-16.45
-13.2
-14.4
-26.55
-9.4
-5.25
-17.35
-10.35
-9.85
-10.15
-10.85
-19.45
-19.8
-10.85
-12.25
-19.6
-18
-12.15
-12.1
-7.85
-7.3
-21.9
-29
-30.1
-22.1
-19.2
-21
-25.35
-23.05
-33.05
-25.65
-27.8
-35.05
-22.7
-15.85
-27.1
-28.3
-28.1
-27.75
-24.35
-23.7
-22.2
-20.2
-24.7
-25.35
-24.75
-24.4
-26.05
-31.95
-22.8
-22.1
-22.05
-25.35
-22
-24.4
-24.1
-27.1
-22.85
-23.3
-25.3
-16.1
-16.4
-29.8
-7.4
-8.05
-6.4
-6.9
-7.95
-10.15
-3
-1.45
-4.7
-8.95
-5.3
-9.3
-9
-2.8
-5.95
-12.85
-8.95
-4.35
-3.95
-4.2
-4.2
-3.5
-4.7
-11
-5.65
-1
-5
-6
-8.15
-1.95
-7.45
-9.1
-7.1
-9.05
-7.75
-9.6
-4.2
-11.05
-10.55
-8
-8.75
-7.05
-5.55
-3.65
-6.25
-8.35
-10.35
-6.9
-6.2
-6
-8.9
-8.35
-6.3
-8.2
-9.25
-5.45
-1.4
-2.95
-12.25
-7.3
-9.2
-7.35
-6.85
-2.15
-7.85
-4.1
-3.6
-8.65
-2.5
-7.7
-10.4
-8
-7.75
-7.05
-6.35
-7.95
-7.2
-8.35
-5.55
-6.1
-7.8
-8.3
-3.15
-8.85
-10.55
-4.9
-8.8
-7.7
-4.8
-5.5
-2.2
-7.15
-10.65
-10.75
-3.95
-7.15
-7.75
-7.45
-5.6
-2.85
-3.25
-5.2
-8.95
-9.2
-5.7
-2.45
-8.8
-9
-6.35
-7.9
-4.15
-9.05
-5.8
-8.2
-5.15
-6.45
-5.2
-6.45
-4.25
-4.45
-6.9
-0.7
-5.8
-5.65
-6.25
-7.5
-5.25
-6.35
-9.45
-5.75
-6.5
-1.6
-6.8
-5.95
-7.6
-6.5
-7.45
-10.95
-5.5
-10.2
-10.8
-10.15
-9.8
-4.4
-5
-6.35
-4.9
-2.5
-1.85
-3.2
-6.3
-8.3
-3.7
-5.1
-3
1.5
-4.55
-1.55
-1.95
-3.25
-4.25
-9.05
-9.05
2.55
-2.05
-6.5
-8.55
-8.75
-6.45
-6.65
-4.85
-3
2.25
-1.1
0.8
-2.3
-11.1
-11.6
-9.25
-3.45
-8.7
-8.5
-0.95
-9.75
1.45
-3
0.6
-0.5
-4.1
1.4
2.15
1.25
-0.85
-12.2
-10.1
-10.8
-15.45
-18.55
-16
-16.5
-13.5
-15.75
-16.75
-17.25
-19.5
-13.7
-16.5
-17.25
-13
-15.5
-16.75
-15.75
-15.75
-15.45
-17.05
-16.85
-13.55
-15.25
-13.4
-13.5
-15.1
-14
-13.55
-6.3
-12.75
-10.6
-10.5
-10.35
-13.75
-10.15
-12.4
-16.8
-12.85
-15.25
-12.75
-13.5
-12.8
-12.35
-11.3
-12.5
-15.45
-14.05
-13
-9.8
-21.75
-25.4
-16.95
-16.65
-12.6
-10
-25.95
-11.75
-13.55
-16.15
-16.65
-19.85
-21.15
-9
-17.25
-20.75
-20
-19.05
-19.6
-15.25
-19.2
-22.75
-23.05
-24.55
-16.8
-19.2
-23.15
-21.45
-21.25
-18.6
-21.15
-26.45
-22.5
-21.4
-20.25
-23.3
-23.15
-22.5
-24.5
-22.6
-24.05
-24.2
-25.25
-22.4
-22.1
-23.3
-18.65
-18.7
-19.25
-21.25
-19.05
-20.9
-19.6
-24.75
-22
-22.25
-26.7
-26.6
-26.9
-27.1
-28.4
-24.8
-28.95
-29
-26
-26.1
-24.85
-29.2
-25.6
-26.55
-31
-25.15
-24.9
-25.75
-26.8
-28.65
-25.5
-25.85
-26.95
-26.25
-23.5
-26.5
-24.15
-21.25
-8.65
-22.35
-23.55
-21.35
-16.5
-21.1
-25.25
-18.45
-20.15
-11.4
-9.1
-15.5
-15.3
-15.4
-27
-20.65
-20.85
-27.2
-24.15
-29.9
-28.5
-29.1
-25.3
-24.95
-25.3
-13.15
-12.1
-7.7
-4.75
-5.7
-2
-9.75
-1
-5.25
-2.5
-7.25
-1.35
-3
-7.4
-7.5
-2.25
-8.05
-8.25
-10.9
-11.8
-6
-12.5
-2.75
-7.25
-2.95
-5.25
-6.75
-8.65
-5
-5.8
-3.75
-5.75
-4.4
-4.65
-2.95
-5.25
-0.5
-0.35
-8.05
1
2.7
2.75
0
1.4
2.5
2.95
0
2.5
3.4
1.6
1
3.9
3
1
2.2
1.6
-1.05
-2.65
-2.75
-3.75
-0.5
0.1
-0.7
-0.4
-5.3
-2.75
-0.25
-0.5
-1
2.1
-2.5
-0.3
-1
2.25
2.45
1.25
-1.75
-0.75
-0.75
-0.15
-1.4
-0.25
-3.5
-1.25
-7.75
-3.45
-4.25
-8.5
-3
-5.3
-10.4
-7
-9.25
-3.5
-5.6
-4.65
-17.75
-4.3
-6.2
-5.9
-6.85
-5.5
-6.15
-6.9
-6
-5.85
-9.9
-8.65
-11.6
-7.35
-6.9
-8.05
-9.45
-10.2
-5.65
-5.05
-3.25
-3.25
-1.2
-4
-2.2
-3.95
-5.65
-2.75
-3.35
-2.15
-2.95
-1.8
-5.75
-5.9
-4.75
-3.15
-1.55
-1.5
-4.7
-4.95
-7.85
-2.25
-5.15
-2.75
-2.8
-1.65
-3.05
-1.7
-3.85
-3
-4.55
-4
-4.9
-2.35
-6.85
-2.6
-1.5
-1.9
-3.9
-5.95
-3.95
-6.1
-1.1
-4.75
-5.6
-3.9
-0.5
-5.5
-9.45
-2.95
-8.55
-5.2
-5.05
-3.75
-3.2
-5.15
-6.25
-7.25
-8.75
-6.1
-7.55
-10.75
-4.7
-10.5
-5.9
-13.8
-7
-11.05
-7.15
-5.8
-8.8
-12.65
-11.75
-11.7
-9.7
-11.75
-4.6
-15.1
-6.4
-14.85
-9.7
-6.9
-9.1
-7.05
-7.9
-12.75
-12.75
-8.25
-11.45
-11.1
-19.3
-11.25
-9
-9.5
-12.8
-9.55
-2.25
-9.5
-6.6
-6
-6.6
-6.75
-4.3
-10.3
-9.55
-7.4
-8.9
-7.35
-10.45
-5.15
-6.85
-5.75
-5.15
-8.9
-7.65
-13.15
-20.45
-19.65
-18.85
-13.25
-14.3
-14.95
-18.15
-16.55
-10.7
-12.7
-23.7
-22.05
-14.05
-17.3
-9.85
-14.9
-13
-12.75
-23.85
-21.2
-20.5
-32.9
-30.9
-32.95
-24.8
-25.05
-19.25
-18.7
-24.2
-23.35
-23.35
-34.5
-30.3
-26.6
-6
-6.25
-6.05
-8.1
-6.9
-8.6
-6
-3.9
-5.75
-0.25
-13.5
-6.35
-5.65
-5.65
-3.5
-4.5
-1.3
-7.95
-4.35
-3.35
-2.5
2.8
0.8
2.05
-2.2
-6.2
-2.9
0.15
-0.9
-2.1
-7.05
0.2
-0.5
-2.25
2.7
-4.1
1.55
-1.5
-3.15
-7.85
-3.75
-2.75
-1.75
-6.85
-2.5
-2.75
1.35
-6.85
-5
-3.85
-0.75
3.1
2.4
2.3
-4.4
-6
-4.45
-4.25
-5.3
-4.9
-4.55
-15.3
-13.5
-6.45
-5.75
-12.5
-7
-11.45
-9.75
-10
-8
-10.25
-12.75
-9.9
-9.6
-9.35
-7.5
-11.2
-11.5
-11.75
-12.55
-10.5
-13.05
-7.1
-7.05
-3.15
-7.45
-10.8
-7.25
-3
-6.5
-8.2
-8
-23.95
-24.1
-23.25
-22.95
-20.7
-4.35
22.95
15.45
26.1
27.55
-15.65
-14.9
-16.85
-12.5
-16.4
-9.4
-18.8
-14.9
-8.95
-3.6
-3.1
-15.1
-17.85
-10.15
-13.6
-4.65
-5.6
-4.15
-11.6
-8.6
-8.55
-2.7
-6.3
8.65
11.65
18.3
-2.05
1.1
-1.5
-1.4
1
6.75
5.15
6.6
13.25
18.9
23.35
16.9
9.35
9.05
21.85
22.9
20
14.95
9.9
27.25
28.15
30
27.4
28
24.15
25.85
27.5
26.15
25.05
23.85
6.05
6.6
24.35
25.1
24.95
26.1
13.8
13.3
12.15
13.7
11.85
13.8
19.4
8.95
8.05
8.7
8.6
1.95
1.95
1.2
2.8
2.15
2.55
2.2
1.75
1.45
0.15
1.3
2.65
0.75
0.35
4.25
-0.2
2.85
2.95
1.85
0
2.35
1.95
0.35
1.5
0.85
2.75
28.9
17.6
16
28.15
1.65
-3.4
2.5
-1.4
1.15
3.3
3.65
3.6
2.7
3.25
4.3
2.85
2.65
3.1
2.35
3.4
3.1
2.7
2.6
2.9
2.15
2.6
1.4
1.45
2.6
2.5
1.8
1.6
2.4
2.5
2.05
2
2.2
1.9
1.8
1.55
1.75
1.65
2.2
1.55
1.45
1.45
0.2
0.35
0.35
0.8
0.9
0.6
0.45
0.15
0.05
-0.15
-0.6
-0.05
0.95
-0.4
1
-1.15
-1.1
-1.2
-1.2
-2.75
0.35
1.45
1.1
-0.55
-0.7
-0.5
-0.6
0.55
-1.15
-0.95
-1.05
0.1
-1.55
-1.55
-2.2
-2.35
-2.8
-2.3
-3
-3.6
1.2
0.2
0.45
0
-0.45
-1.35
-1.65
-1.45
-1.95
-2.05
-1.6
-2.75
-2.2
-2.55
-2
-4.1
-4.55
-4.6
-3.85
-4.05
-4.5
-6.55
-5.3
0.45
-0.8
0.35
-0.95
-1.5
-2.35
-2.5
-3.85
-4.05
-4.1
-3.75
-3.95
-5.7
-0.1
-0.45
-1.2
-1.55
-1
-1.45
-2.6
-3
-4.55
-5.35
-1.9
-1.6
-3.1
-3.15
-4.9
-6.05
-5.45
-3.75
-3.55
-4.2
-4.6
-5.7
-6
-7.75
-6.55
-6.35
-9.55
-8.4
-7.95
-5.75
-7.75
-5.6
-7.85
-6.8
-6.9
-7.7
-8.7
-6.8
-7.6
-12.15
-7.85
-7.4
-6.2
-8.75
-7.7
-7.35
-7.05
-6.95
-9.35
-9.9
-7.85
25.45
29.05
27.55
29.45
28.3
27.8
29.2
27.25
28.35
28.2
28.5
29.65
8.5
8.6
5.7
6.2
6.2
6.6
2.75
6.35
12.8
5.95
8.2
7.9
8.7
6.05
7.5
5.6
7
5.15
3.65
-0.35
11.2
9.55
8.55
8.5
9.75
7.45
7.1
5.35
4.9
2.55
0.55
3.1
2.2
8.55
9.7
5.9
8.15
9.3
4.65
11.35
7.45
6.05
9.75
8.55
7.5
7.55
6.3
8.75
8.3
7.4
5.8
5.15
5.95
1.65
1.9
3.65
2.2
8.55
11.35
9.55
9.8
27.8
-6.8
28.5
30.5
29.4
28.75
27.45
27.55
28.7
29
29.2
30.15
-4.25
-21.95
-6.6
-3.9
-8.4
-7.4
-4.25
-0.65
0.5
2.05
3.1
-13.25
-16.3
-5.55
-1.2
-0.15
-4.6
-1.2
-7.9
-18.5
5.85
4.9
5.7
5.8
5.45
4.75
-9
3.95
5.85
6.35
5.45
-0.05
6.4
6.1
6
6.25
6.55
6.1
6.5
5.55
5.4
5.75
6.05
4.45
4.2
3.25
3.4
-2.6
5
2.15
4.6
3.65
3.4
3.8
4
1.1
6.15
5.95
0.4
5.05
6
4.35
-1.75
5.15
6.05
-1.5
2.25
5.1
4.3
5.2
5.4
-2.9
5.9
6.1
5.8
6.25
6.85
5.05
5.35
6.3
0.3
4.75
3.45
5.55
2.1
-0.45
2.45
2.5
3.2
6.2
5.4
5.45
6.85
5.35
6.05
5.95
5.45
6.05
2.4
3.65
3.85
3.05
5.8
2.4
3.95
5.6
6.1
3.95
5.55
4.45
5.6
3.45
5.35
3.7
1.85
6.25
4.75
6.45
4.85
3.4
4.35
3.7
5.1
0.8
6.2
3.1
5.2
5.95
2.55
6.1
5.15
4.15
4.7
5.6
3.15
6.4
3.2
3
6.7
5.7
6
3.9
5.65
4.95
2.55
2.35
5.95
6.05
4.1
5.5
4.55
3.85
6.05
4.45
2.85
3
3.75
6.45
4.55
4.2
1.95
5.85
4.2
3.95
4.8
6.4
2
5.7
4.35
6.35
6.25
3.2
3.65
3.5
6.15
4.85
3.65
5.3
4.9
0.85
0.95
5.15
6.35
5.7
4.6
4.15
5.45
1.5
4.05
2.65
5.2
5.3
5.9
4.95
4.85
5.25
6
6.35
4
6.45
6.25
5.2
2.75
5.65
5.45
5.75
6.15
3.85
6.15
4.05
4.3
4.3
5.05
3.4
4.4
5.4
5.25
1.95
4.8
3.8
4.5
4.8
3.1
4.1
0.65
2.65
5.3
5.25
3.7
4.25
5.95
1.8
4.6
5.45
6.25
3.75
6.5
5.05
0.15
2.25
5.15
5.45
3.35
4.75
5.75
3.7
3.35
1.75
4.5
1.6
5.6
4.4
4.7
-1.2
2.2
6.25
5.65
2.45
3.95
3
4.45
3.95
2.4
5.6
5.85
5.2
4.3
6.2
5.9
3.8
3.35
6.55
5.45
3.8
5.9
4.1
5.35
6.05
3.85
3.65
3.4
6.5
3.5
5.1
3.3
5.5
2.55
5.35
6.05
2.1
5.1
2.65
4.5
5.4
-0.55
2.15
1.8
3.65
3.45
4.25
4.35
5.75
4.7
3.25
2.9
4.7
3.6
4.6
4.6
5.6
6.1
2.2
6.05
3.85
4.5
6.1
5.8
1.85
4.25
2.9
6.25
6.3
6.15
2.4
4.5
5.85
5.4
4.45
4.6
2.5
6.15
5.45
6
4.4
4.2
4.85
5.2
4.05
3.8
4.05
4.2
1.45
4.7
4.3
3.4
5.15
5.1
4.95
5
6.4
5.6
3.9
5.25
4.25
-0.3
4.25
1.85
5.65
5.9
6.5
1.7
5.2
5.7
6.4
5.45
4.3
6.45
3.3
6.15
6.35
5.45
6.55
4.9
4.65
6.4
5.4
3.75
2.45
3.85
3.6
4.3
3.05
5.65
5.05
4.2
6.05
5.2
4.3
6.05
3.55
4.1
4.5
6.5
5.15
3.35
3.95
5.45
5.5
3.95
4.25
2.15
5.45
5.95
2.2
5.85
3.2
4.55
2.85
5.85
4.35
1.15
2.35
5
5.45
5.5
4.2
2.65
2.55
6.2
5.2
5.35
2.2
4.05
0.7
3.4
1
3.15
4.15
3.55
3.9
3.35
6
3.05
2.2
5.35
3.95
3.8
5.6
5.5
3.65
-0.2
2.8
3.4
3.15
4.65
4.65
4.05
3.7
4.7
4.55
3.8
6
6.4
6.15
5.45
6.1
5.5
5.4
6.55
6.15
6.3
6.2
3.2
1.95
5.05
2.6
1.5
4.4
2.65
4.35
5
3.75
0.7
1.05
3.4
3.9
1.6
6.25
5.4
27.8
7.8
9.8
11.1
26.6
24.7
19.3
23.95
24.7
4.7
1.65
10.9
9.2
1.65
8
8.55
-4
5.05
2.1
8.35
4.25
10.65
0.55
2.45
2.2
1.45
2.4
0.4
-1.1
-0.2
26.75
27.2
27.2
28.65
26.55
27.7
29
27
28.8
27.7
27.95
26.9
26.5
27.6
27.6
26.5
28
27.1
28.5
27.8
28.6
28.4
28.55
28
26.6
28.6
27.4
28.5
28.25
25.7
26.2
27.3
26.45
21.75
28
28.3
28.1
28.2
28.6
27.8
28.05
29.6
28.25
28.4
29.45
27
27.3
30.55
27.9
29
28
28.4
28.2
27.25
27.9
27.9
28.55
29.5
26.9
21.75
21.85
18
23.1
21.05
22.3
20.15
19
19.5
17.65
15
15.1
19.35
20.2
21.25
21.3
18.8
12.5
11.75
12.3
10.75
11.05
20.8
20.3
25.9
26.65
27.1
28.05
28.35
27.9
18
19.1
13.3
16.95
25.5
19.5
10.9
17.9
19.4
20.05
17.2
12.4
12.65
17.9
20.2
15.35
13.9
15.3
17.6
15.5
23.65
24.4
23.05
25.65
26
27.2
24.55
14
26.5
24
14.6
12.3
14.05
14.5
16.5
10.55
14.4
18.4
18.65
27.85
10.8
6.5
7.45
6.7
3.5
9.7
4.3
0.5
4.2
6.3
5.2
7.9
-1.15
5.9
10.65
18.15
19.65
18.2
8.65
12.75
11.3
2.4
1.5
-0.25
2.4
11.8
7.1
9.5
3
12.4
12.95
-2.25
-4.7
-2.8
-3.45
0.05
1.35
-0.15
0.15
5.15
3
3.15
0
3.2
2.8
2.8
-1.35
-0.45
-1.7
-3.15
5.7
6
2.75
5.1
3.9
4.15
0.4
2.15
-0.6
3.7
6.1
4.15
6.9
6.4
6.3
6.9
6.55
5.8
6.1
9.8
8.4
6.15
7.3
8.75
9.4
9.95
6.05
4.35
-4.55
3.8
4.3
4.2
4.5
4.65
4.6
6.05
2.6
5.35
3.85
5.8
4.65
4.3
4.15
5.85
5.65
5.45
7.05
4.6
3.15
3.9
6.35
4.75
5.75
3.85
5.95
7.3
4.8
6.7
7.2
2.5
7.9
4.3
6.6
7.3
7.75
5.45
4.9
4.9
4.85
6.2
5.1
6.3
8.9
8.25
17.5
18.65
22.45
5.5
19.05
27.4
26.75
-4.9
10.2
9.7
8.6
31.3
29.2
-2.35
-11.25
-17.1
-1.05
1.8
1.25
14
12.75
14
-19.7
-18.5
-16.15
-22.75
-20.2
-20.35
-21.2
-21.35
-22.8
-22.45
-20.55
-8.55
-4.65
-15.8
-14.7
-6.1
-9.45
-11.25
-15.2
-6.2
-5.85
-18.35
-6.35
-15.45
-15.5
-18.1
-13.1
-5.6
-3.25
-9.1
-4.65
-9
-2.75
-4.05
-3.2
-2.15
-0.75
-1.15
-4.45
-5.75
-8.45
0.55
0.25
-2.4
-4
-0.45
-25.75
18.5
21.45
20.7
21.1
13
2.7
2.7
0.85
3.3
3.65
1.9
1.2
3.2
2
0.7
0.05
4.05
13.05
28.5
22.65
28.25
29.1
27.45
30
23.05
26.6
11.3
1.8
1.25
0.85
-37.7
-28.75
-27.8
-26.25
-21.15
-25.55
-21.7
-16.25
-39.75
-38.05
-25.5
-37.7
-27.25
-28.6
-20.75
-26.5
-24.25
-26.6
-26.15
-20.25
-23.5
-19.7
-23.4
-24.75
-21.5
-25.3
-21.05
-21.85
-17.5
-18.4
-20.15
-19.9
1.5
0
-4.25
9.95
3.95
11.25
3.1
28.95
26.65
25.65
26.25
30.6
28.45
26
27.4
26.75
30.55
26.25
28.05
7
10.1
11.75
10.25
13
12.5
12.7
28.45
27.25
25.4
23.7
21.45
23.2
20.7
21.95
21.8
20.6
22.6
21.45
23.8
20.85
20.75
21.1
20.55
22.3
21.55
21.2
21.35
21.15
21.35
25.7
21
18.95
24.3
29.05
9.25
12.4
14.35
12.75
8.5
13.45
11.7
16
16.8
19.2
12.05
8
14.8
19
26.9
16.55
27.6
26.6
27
23.95
16.25
15.65
16.45
18.85
24.7
27.2
17.9
24.55
26.9
19
30.8
13.9
19.5
28.05
27.9
28.3
28.65
28.75
27
25
19.9
24.3
20.85
17.55
19.8
23.1
21
24.5
20.95
20
25.25
28.2
26.6
6.95
7.1
8
8.05
7.75
7.9
7.5
7.35
8.25
8.4
8.1
8.15
8.35
6.5
6.65
6.7
7.1
7.2
7
6.9
7
6.8
6.3
6.55
6.85
7.5
7.15
6.65
7.15
7.45
7.05
6.4
7.1
7
6.45
6.5
6.45
6.2
7.5
7.35
8.45
7.8
7.8
7.45
7.65
5.95
-3.5
7.75
3.05
6.4
3.25
-7.35
3.55
1.2
3
6.95
-11.95
7.1
5.5
-2.35
-7.7
3.05
-8.15
-6.85
-2.5
-7.95
3.55
4.5
-1.95
6.55
5.95
7.85
6.55
6.1
5.5
3.95
6.15
6.25
-1.95
5.85
6.15
6
4.25
3.15
1.9
-2.05
1.55
3.25
1.35
3.55
7.35
5.3
6.45
5.25
5.6
1.7
5.45
5.3
4.8
4.8
3
2.1
-1.8
-9.55
-8.55
-1.8
-14.65
-20.6
5.15
-0.95
2.05
6.15
7.5
-4.4
-3.95
-2.2
-3.15
-2.45
-4.95
0.75
1.3
5.35
5.05
4.25
4.8
5.45
4.25
-2.75
0.45
3.8
-0.05
-0.15
0.2
4.15
-3.65
-4.25
2.15
-0.25
4.75
5.7
5.5
5.5
2.45
5.75
5.3
4.55
-15.45
-1.15
-1.05
-3.7
-3.8
-3.65
6.15
4.25
-0.05
3.65
2.25
-1.3
-0.65
4.55
10.2
12.55
21.3
17.7
19.2
21
20.2
29.6
28.8
30
28.1
5
2.35
2.85
2.3
4.6
4.05
1.9
2
11.6
29.7
28.05
21.4
1.65
27.5
27.2
28.35
29.45
27.8
28.4
0.5
0.25
2
1.9
1.65
3.05
3.8
0.7
0.4
-9.15
3.6
1.65
1.4
1.55
3.6
-4.5
-0.4
0.75
1.7
0.9
2.15
-9.75
26.75
26.25
27.4
28.8
27.7
22.5
22.1
23.1
25.25
17.7
25.4
27.15
26.05
20.25
19.7
21.65
22.5
24.15
23.9
25.55
24.75
23.05
24.45
25
23.05
18.85
25.25
20.85
23.35
25.55
24.45
24.15
25.55
25.8
-6.85
-5.05
-10.35
-6.15
-17.05
-22.15
-20.2
-23.45
-22.6
-30.9
-13.7
-6.2
-8.05
-11.85
-11.35
-35.85
-1.55
-23.65
-17.35
-13.85
-15.5
-19.15
-15.85
-20.25
-17.25
-22.4
-16.3
-19
-23.7
-3
-4.3
-3.85
-6.7
-7.4
-5.65
-9.75
-2.75
-3.45
-6.75
-6.6
-5.3
-7.6
-7.2
-7.85
-7.3
-6.45
-5.2
-4
-4.15
-4.2
-6.9
-4.05
-5.15
-6.05
-7.25
-9.6
-6.05
-6.25
-6.85
-7.2
-7.8
-8.35
-2.5
-11.1
-9.95
-9.85
-10.4
-9.75
-9.05
-0.3
1.5
-7.45
-6
-9.9
-9.85
-9.6
-10.3
-7.75
-10.25
-15.55
-18
-10.3
-8.6
-15.35
-14.7
-10.4
-9.45
-7.9
-15.8
-16.55
-9.45
-9.35
-15.95
-21.05
-14.95
-15.7
-17.4
-16.9
-9.7
-9.05
-14.2
-18.1
-9.9
-16.6
-15.6
-35.85
-8.55
-8.6
-14.8
-16.75
-17.25
-15.2
-15.2
-18.6
-15.85
-17.2
-17.05
-15.8
-19.55
-26.15
-36.85
-22.25
-30
-28.85
-31.2
-30.85
-27.65
-40.1
-33.8
-19.65
-36.05
-41.9
-28
-42.7
-22.8
-20.1
-18.8
-38.5
-41.45
-25.4
-25.4
-25.35
-36.1
-21.7
-18.65
-18.4
-16.75
-29.9
-35.15
-24.75
-28.9
-29.25
-28.45
-29.8
-27.15
-35.8
-26.5
-35.55
-27.2
-23.3
-20.8
-30.55
-43.05
-31.7
-32.7
-42.3
-38.95
-36
-38.1
-23.45
-17.65
-15.6
-21.15
-20.6
-0.7
-1.8
-4.35
-2.95
-0.1
-2.05
-0.55
-1.3
-1.8
-1.25
-1.55
-1.8
-0.9
-1.15
-2.2
-1.3
-2.95
3.9
-1.6
-3.5
-4.2
-1.2
-4
-10.45
-8.3
-8.3
-8.1
-8.5
-7.4
-7.1
-6.75
-2.75
-6.75
-7.35
-5.85
-7.25
-5.65
-2.25
-8
-7.85
-2.55
-4.45
-5.35
-10.8
-9.45
-3.85
-4.05
-3.3
-7.95
-7.5
-9.45
-9.5
-10.05
-9.55
-9.8
-4.05
-5.9
-8
-13.2
-9.4
-8.15
-10.2
-15.55
-5.2
-7.9
-6.95
-9.65
-14.4
-19.25
-7.85
-15.05
-16.35
-18.75
-8.8
-14.25
-14.4
-11.1
-13.85
-12.9
-10.35
-11.75
-9.95
-10.45
-10.85
-12.9
-12.85
-11.7
-11.45
-18.75
-15
-13.55
-12.35
-21.55
-20.4
-15.1
-15
-13.25
-22.8
-22.05
-19.6
-16.15
-18.4
-18.65
-24.25
-21.5
-22.2
-20.9
-18.85
-18.05
-25.9
-21.55
-19.05
-19.45
-16.1
-16.9
-17.45
-18.45
-17.65
-18.95
-30.15
-19.7
-17.9
-14.55
-18.6
-29.65
-33
-20.8
-20.65
-15.9
-13.85
-21.85
-26.9
-19.3
-15.55
-15.2
-15.9
-14.05
-20.6
-21.2
-28.1
-24.75
-19.95
-20.05
-16.95
-15.8
-26
-24.6
-24.1
-29.7
-20
-13.5
-27.9
-27.55
-19.25
-14.8
-14.25
-20.4
-24.85
-25.35
-27.6
-18.85
-17.05
-13.55
-23
-32.5
-33.45
-32.55
-26.85
-34
-35.7
-37.35
-21.9
-35.2
-34.2
-32.4
-34.65
-29.15
-17.2
-27.75
-23.95
-33.5
-30.6
-24.15
-16.5
-19.7
-35.2
-24.85
-28.55
-28.6
-33.15
-23.65
-28.05
-34.05
-25.05
-16.45
-25.55
-34.2
-30.2
-22.85
-17.2
-18.9
-31.7
-17.6
-18.2
-33.05
-27.4
-29.3
-30.65
-30.85
-24.95
-30.9
-18.1
-13.4
-29.95
-29.7
-31.95
-31.05
-23
-24.05
-26.35
-27.65
-28.15
-26.55
-33.3
-27.05
-25.4
-25.1
-29.6
-18.15
-15.65
-33.1
-20
-32.75
-23.3
-30.95
-30.4
-25.85
-14.6
-17.2
-16.6
-20.25
-19.05
-28.95
-23.55
-17.75
-16.85
-23.95
-20.5
-17.45
-13.75
-17.25
-22.05
-27.65
-27.2
-20.2
-13.6
-25.85
-23.9
-20.4
-23
-19.65
-15.6
-19.35
-22.95
-21.65
-20.45
-21.85
-15.35
-20.15
-15.9
-15.75
-14.9
-11.7
-17.3
-20.8
-18.35
-15.9
-16.35
-11.25
-14.55
-15.6
-20.95
-10.25
-11.75
-14.55
-16.4
-9.05
-10.5
-13.85
-8.8
-17.6
-10.7
-6.05
-14.15
-11.65
-13.5
-13.55
-14.4
-12.9
-8.95
-12.3
-9.45
-9.05
-4.75
-8.75
-2.25
-2.95
-5.8
-18
-23.8
-17.95
-24.95
-27.3
-20.5
-17.8
-32.1
-22.65
-4.1
-30.8
-20.9
-11.75
-6.75
-5.75
-6.2
-8.35
-6.4
-6.75
-8
-8.8
-10.1
-16
-15.35
-14.4
-7.15
-8.35
-7.7
-11.55
-6.6
-6.3
-9.3
-7.85
-9.6
-10.6
-5.75
-5.45
-7.15
-3.65
-4.3
-3.05
-4.3
-1.85
-1.1
-0.55
0.2
-0.2
1
0.9
-0.6
0.45
-0.25
1.65
-16.8
-17.8
-16.65
-19.75
-21.55
-15.95
-11.65
-15.55
-15.1
-15.2
-12.5
-8.85
-38.1
-35.65
-21.35
-29.25
-26.1
-38.65
-19.1
2.9
6.8
2.1
2.4
1.6
2.15
3.2
5.15
0.55
-2.15
-8
5.85
-1.15
0.9
2.1
-11
6.8
1.35
-0.35
24.3
8.5
13.95
13
20.2
16.5
13.5
18.5
15
22.5
19
19.3
20.5
20.85
17.1
20
20.3
27.1
28.6
26.85
17.8
12.15
21.9
11.3
26.05
26.95
27.8
24.2
26.2
30
28.35
24.2
29.55
25.55
27.6
27.85
25.7
26.65
26.05
22.65
22.6
25.15
21.4
24.7
33.6
21.45
27.9
26.6
20.6
25.5
22.65
19.75
20.45
19.85
25.45
22.1
19.1
20.85
28.05
26.1
26.75
28.1
27.8
27.9
23.8
29.5
27
29.2
29.5
-3.75
4.1
1.8
3.05
0.65
1.8
2.7
4.05
4.05
1.5
1.1
3.2
4.2
2.95
2.8
-1.65
4
6.55
7.4
11.65
4.5
11.3
3.45
6.45
5.95
9
11.9
2.45
10.95
5.55
16.9
12.6
11.55
12.25
9.5
7.1
8.7
4.45
7.35
12.4
5.7
8.3
5.3
4.55
10.6
12.2
12.1
5.25
14.15
9.95
10.75
11.25
8.8
6.8
11.15
14.3
7.2
6.9
8.1
6.65
3.35
11.45
0
11.15
10.1
17.7
7.6
4.65
2.15
4.2
8.8
5.85
7.5
6.4
5.15
10.25
9.35
10.55
8.5
7.85
5.45
9.8
9.6
5.8
20.05
20.3
19.6
14.95
19.2
6.1
9.75
10.45
7.45
9.4
4.35
4.65
6.9
9.45
5.1
4.6
4.9
5.35
4.85
0.8
10.5
8.3
9.25
12.2
12
4.7
4.9
2.95
11.4
4.75
7.6
8.8
9.35
7.5
0.75
4.65
2.75
9.2
11.15
4.35
5.75
4.8
5.25
11.05
9.25
10.7
4.65
7.55
9.8
7.15
5.4
9.3
9.65
8.45
4.1
4.9
7.55
6.1
6.05
10.1
5.7
10.75
8.55
8.55
9.9
9.8
4.9
7.05
6.1
6.3
8.2
7.05
10.65
7.6
1
10.3
8.4
4.4
8.35
4.9
7.55
7.15
4.7
9.5
4.1
7.1
10.15
-0.35
9.7
5.3
11
3.65
8.55
2.4
11.9
4.9
9.85
5.9
5.3
-0.1
-15.85
-15.25
0.1
4.95
4.9
5.8
2.3
-3.1
6.3
4.95
-2.6
-1.95
-5.05
-1.8
6.4
6.1
5.5
6.15
6.3
5.75
5.8
5.6
5.85
6.45
6.05
6.5
5.75
6.25
6.2
6.4
4.75
6.05
5.55
5.45
6.1
4.9
4.95
5.6
6.25
5.65
4.35
5.45
4.4
5.6
5.05
5.4
5.85
3.5
7.5
5.65
7.5
5.45
4.4
6.4
5.25
4.8
7.15
4.9
5.85
4.9
5.6
7.05
7.35
6.55
6.35
6.1
6.7
7.2
6.3
6.55
5.7
6.6
6.5
5.8
6.05
5.75
4.6
5.5
6.7
4.8
4.9
4.5
4.85
6.1
4.95
4.45
4
5.9
3.55
4.25
5.15
6.15
3.75
4.1
4.8
3.9
4.05
4.2
5.05
3.85
2
3.8
3.95
3.1
3.35
3.95
2.1
3.2
2.75
3.1
2.3
2.3
0.95
2.3
0.5
2.45
2.8
0.2
2.75
2.55
1.35
2.3
1.25
2.6
-1.2
1.15
1.3
-2.85
0.4
0.2
1.75
-1.05
-0.2
-1.95
-1.55
1
-3.15
-1.65
-2.2
-3
-1.7
0.45
-1.5
-3.65
-0.9
-1.35
-1.05
-0.65
0.95
-0.5
0.2
-1.6
-0.3
-2.8
-0.9
-0.55
0.15
-1.65
0.7
-1.65
-2.05
-2.6
-2.5
-4.05
-5.45
-0.7
-1.55
-4.35
-5.05
-4.8
-0.6
0.1
-2.55
-2.25
-2.8
-3.7
-0.6
-3.25
-0.95
-2.35
-7.2
-1.35
-6.8
-2.3
-0.5
-2.2
-2.05
-1.2
-3.15
-3.1
-4.15
-3
-6.15
-3.6
-4.55
-4.25
-6.35
-5.1
-9.25
-6.55
-7.5
-5.05
-7.4
-6.45
-7.3
-6.1
-6.85
-5.65
-6.9
-7.2
-8
-7.65
-6.9
-10.6
-7.65
-6
-7.45
-9.95
-5.7
5.5
4.3
5.65
3.6
-4.75
1.5
5.2
3.9
4.65
4.9
3.9
-5.25
3.75
-1.95
4.55
4.35
1.3
3.2
25.55
29.5
26.05
3.05
2.45
-4.45
-15.8
5.8
7
5.9
-5.7
29.6
29.4
30.3
28.25
26.75
27.9
12.2
14.25
7.8
-3.2
-3.15
-3.85
-5.95
7.1
6.95
-5.85
1.75
6.15
-0.1
2.55
0.2
3.4
2.85
3.65
3.2
4.75
5.8
5.05
27.9
28.75
29.2
5.25
3.7
5.5
2.25
7.6
5.55
8.45
7.8
6
4.2
4.55
4.1
2.75
6.05
5.35
6
4.35
2.6
3.75
6.65
7.4
6.35
7.6
7.9
8.2
-0.35
5.55
5.8
6.5
7.45
4.1
4.95
2.95
1.65
1.85
1.3
4
5.25
5.4
5.45
5.55
2.45
6.6
6.7
6.4
4.4
4.85
4.15
5.95
6.3
6.35
4.35
4.65
2.75
7.4
5.6
7.6
4.8
7.5
0.85
6.9
4.8
3.35
5.75
5.8
5.8
3.35
4.55
6.6
6.4
4.6
6.8
6.65
5.55
6.2
3.5
2.85
0.9
1.05
1.45
0.7
-0.85
-7.75
1.45
-0.25
-2.85
3.2
-3.9
-0.35
1.1
16.4
18.05
17.75
10.55
11.95
21.65
12.75
15
21.35
13.35
13.9
22.5
17.5
17.8
18.85
18.6
21.1
19.7
12.5
18.9
21.1
15
13.65
20.55
26.1
17.5
16.1
11.95
15.85
17.25
13.85
14.7
20.3
21.4
18.9
19.75
20.85
15.3
13.05
19.75
16.65
20.55
16.95
15
12.5
16.4
16.65
20.8
18.3
18.6
18.6
20.55
15.8
10
17.8
16.4
7.25
1.7
-10.55
5
-2.5
3.6
-14.15
2.25
-13.1
2.5
-7.2
-8.05
-14.7
-12.2
4.45
6.15
-3.6
5.85
-6.95
4.45
6.65
-13.6
1.65
4.7
2.5
-12.5
5.55
-5
3.6
10
5
-6.35
5
-12.5
-1.15
-5.25
3.35
1.95
5
-7.2
5.85
1.1
8.9
1.35
1.95
-8.6
1.65
5.8
-8.3
3.6
-6.1
-8.1
4.15
6.1
-6.7
2.5
-6.65
3.05
3.35
3.85
-5.85
-6.4
3.9
2.75
-5.85
-9.7
6.65
-7.2
6.65
6.65
4.45
2.2
-6.95
-7.25
3.3
3.65
-10.25
2.8
3.3
8.85
6.65
6.95
9.45
7.75
6.1
8.35
8.65
6.65
5.85
6.15
3.65
7.5
7.2
8.6
10.8
10.85
5.8
5.85
9.75
6.15
5.85
5.8
6.15
9.15
6.95
7.75
8.35
7.75
1.95
6.1
6.7
3.35
12.2
7.25
10.55
11.95
8.3
3.05
4.75
8.6
7.75
5.6
3.9
6.65
10.3
6.15
4.7
6.7
2.25
7.25
9.45
4.15
6.1
9.15
11.4
10.8
6.95
6.4
6.35
8.6
8.9
4.7
6.65
7.2
6.1
7.2
9.45
2.8
13.05
8.6
7.2
7.75
13.05
6.1
8.05
3.6
2.75
4.75
4.15
4.45
7.25
8.3
-6.1
8.35
-7.2
-7.5
7.5
10.55
3.9
6.95
3.35
4.2
6.4
0
-3.05
5.55
10.25
9.15
7.5
4.45
7.5
9.45
1.1
0
8.05
11.65
3.05
1.15
1.15
7.5
8.3
7.5
7.2
10
11.1
1.35
5
-6.1
5.25
6.95
5.85
5.3
6.95
3.05
8.05
1.65
9.7
3.35
-1.65
6.1
8.05
6.15
1.65
2.2
0.3
6.1
-1.4
6.4
10
8.05
15
-6.65
1.95
1.95
-1.1
8.05
5.3
9.45
-0.55
-1.65
-2.5
6.4
4.7
7.5
-9.45
8.6
-5.55
0.8
5.85
4.15
-8.05
-4.45
5.85
6.7
8.85
4.45
8.35
8.6
3.6
4.45
1.1
-3.65
10.55
1.15
8.35
1.95
5.8
7.25
13.3
10
10.3
9.7
7.75
6.4
8.05
10.25
11.15
1.15
1.7
0.3
7.8
10.3
4.15
2.5
10
-5.55
6.1
0
9.15
4.4
9.7
6.7
9.15
8.9
6.95
11.4
13.1
9.15
10
10.85
5
4.75
3.3
4.7
-2.2
7.25
2.25
-5
-6.1
-6.65
0.6
4.2
7.5
1.65
7.2
-9.15
-5.55
-10.55
7.25
10.3
10.85
9.45
8.85
-6.4
2.75
-1.65
5
8.9
4.2
6.95
1.7
5.85
8.9
5.55
10.3
1.4
2.25
1.95
-15.85
-12.5
-12.75
-17.5
-7.5
-11.95
-16.65
-10
-11.1
-14.7
-9.15
-13.05
-16.95
-13.05
-16.95
-12.8
-10
-15.55
-18.05
-4.2
-9.45
-14.15
-13.35
-11.1
-8.35
-11.1
-16.65
-10.55
-10.55
-10.3
-12.2
-5.85
-17.5
-9.75
-13.6
-15.85
-13.35
-10.55
-5.55
-10.85
-12.75
-16.95
-8.05
-17.8
-11.1
-17.2
-14.15
-8.05
-9.7
-16.15
-12.75
-15
-13.9
-14.45
-11.4
-6.1
-15.85
-16.4
-10.3
-10
-14.45
-21.7
-9.15
-7.75
-13.05
-15
-17.2
-13.35
-13.6
-14.2
-15.8
-11.4
-20.85
-9.45
-5.3
-12.5
-21.4
-11.65
-9.45
-7.5
-11.1
-4.15
-8.35
-11.95
-13.1
-7.5
-8.65
-12.2
-8.6
-12.5
-9.45
-15.55
-12.25
-5.8
-8.6
-8.9
-15.25
-15
-11.7
-11.1
-8.85
-1.95
-20.25
-17.75
-7.8
-15.3
-8.6
-13.6
-17.8
-10.6
-12.25
-10.85
-6.65
-6.4
-10
-3.05
-13.35
-9.15
-11.4
2.25
-16.4
-19.2
-15.55
-14.45
-12.8
-17.25
-14.45
-14.2
-15.55
-7.8
-8.85
-19.75
-16.1
-13.6
-17.2
-16.15
-10.85
-7.5
-15.8
-6.65
-14.15
-13.35
-8.9
-19.4
-20
-10.85
-5.85
-11.95
-14.45
-16.95
-17.8
-11.1
-15
-11.95
-10.85
-17.75
-13.65
-12.5
4.2
2.8
4.7
7.5
9.15
3.05
6.1
3.6
5.55
2.2
5
2.2
12.5
9.15
21.35
20.8
22.5
19.45
22.5
20.8
23.9
26.65
21.65
22.75
20
25.25
23.35
23.3
24.75
25.55
24.45
21.95
25.3
25
22.5
19.75
25.3
26.1
23.35
21.1
26.1
21.95
24.75
21.4
23.05
21.65
22.8
22.2
24.15
23.6
20.85
22.75
22.25
24.45
21.9
22.5
25
22.5
22.75
23.9
19.15
25.8
21.1
21.95
21.65
23.05
20.55
22.8
23.35
22.2
22.8
22.8
22.75
23.65
22.5
21.4
23.6
21.4
21.7
23.3
21.65
22.5
21.7
20.8
20.55
22.2
21.4
21.95
21.9
21.65
13.6
17.8
11.15
18.6
21.4
21.1
17.8
13.05
11.4
13.9
13.35
12.5
13.65
19.2
13.05
21.35
12.8
20.55
13.6
20.55
15.85
14.45
22.5
20.55
21.35
15
22.5
13.35
11.9
14.15
14.75
20.55
13.1
14.15
16.7
19.45
11.95
18.65
23.1
17.8
14.7
22.2
11.95
16.95
16.1
21.1
19.15
17.5
15.25
20
13.1
17.75
20
17.2
17.8
11.65
13.9
20.25
11.95
18.35
14.75
-15.55
-14.75
-16.4
-1.1
-2.5
-13.9
-14.15
-13.9
-7.5
-6.15
-2.8
-2.5
-8.05
-7.75
-15.85
-2.2
-7.5
-16.1
-15.85
-16.35
-16.1
-10.3
-15.85
-1.4
-2.8
-19.2
-5.25
-16.1
-10.55
-4.2
-17.75
-19.15
-4.4
-15.3
-16.95
-18.9
-13.35
-21.7
-3.6
-3.65
-17.5
-14.2
-20.55
-13.6
-13.1
-13.9
-18.65
-13.9
-10.25
-10.8
-18.35
-7.75
-4.75
-12.5
-8.9
-11.9
-0.85
-11.65
-7.5
-5
-14.15
-1.65
-6.4
-14.15
-7.8
-3.6
-6.4
-14.4
-4.45
-11.65
-3.65
-13.9
-2.5
-5.3
-16.95
-25.55
-20.55
-1.65
-18.9
-19.15
-3.3
-13.9
1.35
1.4
0.25
1.65
11.7
6.4
5.3
8.05
5
2.5
0.55
0
-0.3
2.5
0.3
4.45
3.9
0
0.85
4.7
3.9
-2.75
6.95
-1.1
6.95
6.95
-1.4
-0.25
-2.2
1.35
0.55
-1.65
1.65
11.95
0
3.6
3.05
1.35
8.85
5.25
2.5
4.15
2.2
2.5
8.85
0.85
1.35
0.55
0.55
1.1
1.1
2.2
0.25
1.9
2.2
0.55
2.2
0
0.85
-2.25
8.85
-0.25
6.95
3.9
1.4
3.65
2.2
5.3
10
0.8
9.45
5.8
6.95
1.4
-1.1
4.2
0.55
2.8
2.2
2.25
2.8
5
2.2
8.6
-4.15
-0.55
11.4
7.75
5.55
5.55
11.95
-4.2
2.25
1.4
5.3
0.8
0.55
3.35
5.55
3.35
5
8.9
10
8.35
8.85
10.3
12.8
5.6
3.65
4.45
6.7
10.8
7.75
8.9
10
9.75
8.05
3.05
9.45
4.2
1.4
6.95
1.4
5.85
4.75
3.05
9.75
6.1
8.9
7.8
4.2
5.3
3.9
7.5
6.4
2.8
0
11.95
2.2
2.8
8.3
10
10.55
7.2
9.2
0.85
1.35
9.7
11.1
11.7
12.2
6.65
4.2
8.6
8.9
4.2
4.45
6.15
5.85
10
4.15
9.75
8.05
10.55
0.55
11.4
11.65
8.35
3.35
10.8
2.25
2.5
-0.55
9.75
5.25
1.95
4.45
6.95
1.4
-3.6
-9.15
-4.45
-5.55
-8.1
-6.1
-0.8
-6.4
-7.5
-10
-5.25
-4.15
-0.25
-3.85
-6.35
0.25
-7.8
-1.1
-3.05
-3.6
-3.85
-8.3
-10.25
-4.7
-1.65
-2.5
-5.55
-7.25
-6.1
-9.75
-2.8
-5.85
-8.05
-9.45
0.25
-1.9
-6.1
-3.05
-11.35
-12.25
-2.2
-4.75
-9.45
-1.35
-6.65
-4.15
-5.3
-6.9
-3.9
-7.25
-10.55
-16.1
-5.25
0
-7.5
1.4
-1.1
-5
-10.55
-3.9
0.55
-10.85
-10.85
-9.45
-2.8
-3.6
-9.45
-0.8
-5
-6.95
-18.6
-5.3
-0.55
0.85
0.25
-6.15
-5
-8.3
-7.2
-3.05
-7.2
-3.9
-6.35
-10.25
-5.55
-18.35
-4.7
-11.7
-10.85
-10
-11.65
-11.15
-5.55
-12.25
-3.6
-8.85
-15.85
-16.95
-12.5
-4.45
-6.95
-11.1
-4.15
-5
-4.15
-1.1
-9.75
-6.4
-8.65
-3.3
-8.35
-3.6
-3.9
-5.85
-6.7
-7.25
-6.4
0
-7.5
-6.4
-0.8
-4.45
-6.1
-5.55
1.95
1.65
-5.8
-7.8
1.65
-7.5
-3.35
-3.05
-6.65
-2.2
-5.55
-5.85
-3.35
-4.15
-2.25
-5
0.85
-5.55
-1.95
-0.3
-6.1
-4.45
-4.7
-6.65
-0.8
-6.1
-4.15
-6.7
-5
-4.45
-0.8
-12.5
-4.15
-11.4
-1.1
-3.35
-4.2
0.55
-0.8
-6.1
-4.45
-5.85
-3.35
1.1
-4.45
-5.55
-8.6
-2.2
-4.45
-6.1
-5.85
-4.45
-2.8
-6.1
-4.45
-4.7
-0.85
-5
-5.55
-5.8
-2.8
0.85
-5.85
-3.35
-7.5
-7.5
-2.2
-6.95
-6.65
-3.6
-1.95
-2.2
0.85
-4.2
1.7
-9.7
-0.55
-7.25
-4.2
-9.45
-6.4
-5.85
-5.8
0
-2.75
-7.2
-5
-9.45
-5.55
-3.05
-8.3
-6.95
-6.9
-3.9
-5.55
-5.25
-4.45
-6.7
-6.35
-4.2
-7.25
-6.4
-0.55
-8.3
-9.7
-1.1
-1.1
10.85
11.95
15
10
13.3
13.05
14.2
12.2
14.15
8.85
11.1
11.4
13.65
11.95
8.35
12.5
12.8
12.2
11.1
12.75
11.95
15.25
12.5
5.3
7.8
12.5
13.6
12.75
12.75
11.95
8.35
10.3
12.5
11.65
11.65
11.1
13.05
12.2
11.95
9.7
13.65
13.05
13.05
8.05
13.05
13.6
10.55
11.1
13.05
13.6
13.05
14.45
13.05
13.9
13.05
9.45
8.35
5.25
13.65
15.25
16.1
12.25
9.15
11.65
10.3
16.4
17.2
17.5
15
16.95
20
19.7
21.35
13.9
7.5
17.25
15.3
16.4
16.65
8.6
16.65
19.15
21.95
20.25
9.45
9.7
19.75
13.3
12.2
14.45
15
10
16.65
10
18.6
9.7
8.9
20
21.65
-4.75
-0.3
-2.8
-2.75
-4.2
-4.45
-4.7
0.85
-7.5
-2.2
-6.4
-1.65
-3.6
0.3
-2.2
-11.4
-1.1
-6.1
1.15
-4.7
-3.3
-0.55
-5.3
-1.4
-5
-3.6
2.5
-4.7
-6.95
-3.85
2.5
-4.45
-4.7
-2.8
-3.9
-2.8
-3.3
-1.95
-1.4
-0.25
-6.4
-2.5
-7.5
-3.05
-0.55
-1.4
-3.9
9.45
9.7
6.95
8.05
8.6
9.75
7.2
6.65
10
10
12.2
8.3
11.65
7.5
13.05
14.15
7.2
6.95
5.8
18.65
9.2
-0.55
1.1
1.1
-1.1
1.7
1.65
0.3
4.15
3.6
8.35
3.35
4.7
3.05
0.25
3.6
7.5
4.7
4.15
1.7
6.4
0.6
8.05
3.9
4.15
6.65
0.55
2.5
0.85
3.6
3.05
0.85
2.75
2.25
3.9
0.85
3.35
0.25
7.25
3.35
2.2
0.8
1.1
-8.6
-0.55
-10.55
4.15
3.3
-5
0.8
0
-9.45
-7.8
1.1
-0.3
-8.05
-2.8
-5.85
-1.1
2.2
-6.7
1.1
-2.2
3.3
-0.55
-0.25
-7.2
-2.2
1.95
-5
-4.7
4.2
0
-8.9
-8.05
-5.3
5
3.6
-6.9
2.2
4.7
0
0.55
-5.6
-2.2
2.5
-2.5
2.8
-3.9
-0.55
0.3
-0.55
-4.2
-1.1
-3.3
-6.15
-8.35
-3.6
1.65
0.55
-16.4
-5.55
-2.8
6.4
-3.35
-3.3
0.3
-3.35
1.35
-8.6
4.45
1.65
-3.05
-12.8
-8.3
-8.85
-6.95
-7.2
-5
-4.2
-8.85
-0.8
-5
-3.05
0.85
0.85
-5.25
5
1.1
-4.45
3.9
-2.5
-3.9
-4.15
-3.05
4.75
-1.65
-3.85
-1.7
-6.1
4.15
-1.1
-4.45
-5.85
5.55
3.1
-3.85
-3.05
-1.65
-0.8
-6.95
1.1
-5.55
-8.35
-4.4
-5
3.05
-0.8
0
-4.2
1.65
-6.95
0
-5.85
-5.3
4.45
-6.9
1.1
-7.8
-0.55
-6.1
3.6
2.8
-2.8
-5.85
-0.85
-8.3
-2.8
-3.9
-3.05
3.05
-0.3
-24.15
-18.05
-8.65
-16.65
-13.6
-27.2
-23.05
-8.35
-22.25
-28.05
-16.95
-25.55
-17.5
-22.25
-23.1
-16.95
-11.7
-15.3
-5.85
-28.35
-15.85
-21.4
-22.25
-17.25
-16.95
-15.3
-20.3
-20.8
-28.3
-13.05
-12.5
-16.1
-20.3
-20.85
-5.3
-21.95
-18.6
-20.8
-18.6
-20.25
-24.45
-11.7
-24.7
-13.9
-8.9
-16.1
-22.8
-17.5
-18.35
-22.75
-27.5
-8.35
-20.55
-17.8
-16.4
-23.05
-9.45
-24.45
-19.15
-13.6
-3.6
-13.35
-16.1
-13.3
-20.85
-12.5
-18.3
-8.9
-6.7
-16.1
-15
-16.7
-10.55
-21.95
-7.2
-13.9
-20.85
-15.55
-16.95
-16.95
-12.25
-20
-22.25
-22.5
-22.8
-8.05
-16.95
-12.25
-20
-6.95
-20.25
-23.6
-7.5
-13.35
-15.3
-9.7
-21.35
-5.6
-12.5
-10.3
-12.8
-17.2
-11.95
-6.95
-26.1
-21.15
-16.4
-14.2
-18.9
-10.3
-12.5
-27.5
-9.75
-24.15
-10.25
-19.7
-23.05
-11.4
-14.15
-10.3
-11.7
-4.15
-15.55
-13.05
-16.65
-8.05
13.9
13.35
17.2
19.45
13.6
12.2
7.5
12.25
15
13.1
13.9
12.5
18.9
16.1
12.5
14.7
13.35
14.15
13.9
20.3
20
-3.85
-3.6
2.2
0.3
1.4
5
1.95
1.95
1.4
2.25
4.45
1.65
-0.3
1.4
-2.8
1.95
-1.4
2.2
-1.95
3.35
8.05
0
0.3
-0.55
-4.45
-3.9
2.5
3.65
1.95
1.4
-0.85
3.9
5.85
5.25
6.65
3.9
7.2
3.6
3.6
-3.6
-4.7
-2.75
-3.05
1.65
-1.4
5.25
2.75
-2.5
10.3
3.05
-2.5
-0.55
0.85
0.85
3.9
4.75
-1.95
1.4
3.3
2.8
-3.6
-0.85
0.85
1.15
1.1
3.9
3.3
0
0.85
-5
1.1
1.1
5.6
8.85
-5
4.45
10
5.3
-3.35
-1.7
3.3
4.45
6.65
5
4.45
0
3.05
0.25
0.85
12.5
-3.05
0.55
2.5
5.55
-0.3
-5
-1.95
1.95
3.05
-1.35
3.35
2.5
5
4.45
-0.55
3.6
4.75
5.25
0
4.15
-11.15
-8.6
-6.4
-19.15
-16.95
-18.05
-4.7
-9.75
-15.85
-16.65
-18.6
-18.05
-16.15
-14.7
-17.75
-13.65
-17.8
-19.15
-14.7
-18.6
-16.1
-18.9
-11.95
-7.2
-16.1
-10.25
-10.85
-15.55
-16.4
-6.4
-17.5
-20.25
-10
-11.4
-9.7
-16.1
-15.55
-16.95
-16.65
-13.6
-16.1
-18.9
-18.9
-5
-4.4
-11.1
-11.95
-14.45
-16.1
-16.95
-10.55
-16.95
-10.3
-9.2
-14.15
-18.3
-9.45
-9.75
-9.15
-11.4
-18.9
-14.7
-19.15
-16.95
-13.05
-24.45
-3.35
-9.2
-12.5
-10.85
-10
-18.6
-14.2
-18.3
-19.15
-19.75
-10.85
-20
-6.95
-6.85
-24.15
-16.7
-19.15
-12.8
-17.5
-4.15
-16.7
-13.3
-16.95
-16.1
-10.25
-6.65
-16.1
-18.9
-12.25
-15.8
-20.25
-14.75
-10.85
-16.35
-18.05
-21.1
-11.1
-17.25
-10.3
-10.55
-18.9
-10.6
-19.2
-18.05
-6.65
-21.1
-20
-18.35
-19.2
-20.3
-15.55
-18.6
-8.6
-10
-19.2
-16.1
-6.95
-18.9
-20
-8.85
-16.4
-15
-16.65
-18.35
-22.5
-0.85
-11.4
-9.45
-20.55
-10.25
-18.6
-4.75
-10.3
-16.1
-3.9
-11.7
-16.7
-14.45
-7.2
-7.75
-23.9
-21.95
-23.35
-19.75
-12.5
-7.5
-16.95
-16.95
-15
-11.1
-12.5
-11.7
-14.2
-14.15
-10.55
-13.65
-5.85
-10
-11.95
-12.5
-13.9
-17.25
-15.85
-8.6
-11.4
-13.6
-19.45
-13.05
-12.25
-6.35
-9.15
-18.05
-12.2
-7.5
-13.9
-9.45
-8.35
-17.25
-6.7
-11.35
-10
-7.5
-12.75
-16.95
-12.5
-12.5
-10.6
-7.5
-5
-9.45
-6.95
-8.9
-8.6
-12.5
-15.8
-13.85
-12.8
-10
-8.35
-7.5
-19.2
-17.75
-19.7
-17.5
-12.8
-7.5
-7.5
-8.9
-11.95
-8.35
-9.7
-10.85
-15
-15
-15
-7.5
-17.5
-9.7
-6.1
-8.9
-13.9
-8.85
-15.85
-7.2
-15.3
-11.95
-12.75
-11.9
-9.45
-13.05
-8.35
-16.15
-14.15
-8.9
-8.6
-14.4
-14.45
-17.5
-15
-10.55
-11.1
-6.4
-6.95
-5.85
-12.75
-7.5
-9.15
-15
-13.3
-13.35
-13.85
-10.3
-11.65
-11.15
-9.45
-10.3
-8.35
-14.45
-8.35
-14.15
-12.2
-4.7
-4.7
-5.55
-6.65
-11.4
1.1
-15.55
-11.65
-6.35
-3.35
-3.6
-8.9
-7.25
-3.3
-1.4
-7.5
-16.1
-13.05
-13.85
-9.4
-7.8
-3.3
-16.95
2.5
8.05
-5
-12.2
-11.95
-5
-6.65
-5
-12.5
-13.1
-7.8
-7.5
5.55
3.9
-14.2
-0.55
-4.15
-12.5
-12.25
-5
3.6
-7.2
-10
-14.45
-5
-7.2
-2.2
-5
-6.15
4.4
-6.35
-2.2
-17.2
-13.6
-18.05
-9.2
-5.25
-0.85
0.55
-1.4
5
0
-1.7
1.1
-3.05
-2.2
-2.25
0.3
2.25
3.6
-3.9
-5.3
-0.55
0.55
3.3
0
-1.4
0.85
-1.4
-4.7
-0.3
-0.55
-0.3
0.55
-1.95
-3.35
-1.7
-2.5
-1.7
-2.25
-0.25
-1.95
-0.85
-1.15
0.25
-1.1
2.25
4.45
5
11.15
3.9
7.2
4.45
6.95
7.5
6.4
6.1
11.15
8.05
11.7
6.7
3.6
6.95
3.3
6.65
3.9
4.7
-5.3
-4.75
-10
-4.2
-10.85
2.75
2.8
4.45
-3.85
-11.95
-6.15
-5
4.7
3.9
1.65
-13.85
6.4
-6.15
-10
-12.2
-14.75
-10.3
1.1
-4.2
-1.1
-9.2
-7.5
-6.1
-5.3
-10.85
-11.35
4.7
-5.85
-5.55
-5.55
-8.05
0.85
2.5
-7.5
2.5
3.6
4.2
-6.35
5.85
-6.1
-11.95
-10.25
2.5
-14.45
-14.75
-9.45
-6.1
-6.4
-8.9
-7.5
-4.7
-8.35
-14.15
-5.85
-8.05
-6.1
1.65
-6.95
-1.1
3.85
-6.95
-10.55
-12.8
3.35
-5.85
-5.3
-3.05
-3.9
-3.05
-6.7
-5
3.05
-7.5
3.35
-2.2
-6.35
-1.15
1.95
-15.25
-7.5
0.8
-9.45
-2.75
3.85
3.35
5.55
5.3
5
4.75
5.25
3.35
5
4.15
0.25
4.15
6.1
2.5
0.3
2.8
6.35
3.35
6.7
5.55
3.85
1.4
0.3
2.5
1.65
6.4
2.25
0.8
10.3
1.65
8.05
1.95
1.95
-1.95
4.45
5.55
3.6
2.8
5.55
-1.95
1.65
4.45
0
5.85
3.05
-0.25
4.45
6.4
1.7
4.4
5
3.9
3.05
1.4
7.25
3.9
5
3.05
5.25
-3.05
4.15
1.65
1.35
4.7
7.25
4.7
8.05
4.7
9.45
2.5
2.75
0.3
10.25
2.75
3.6
1.7
3.9
3.05
-6.65
-2.5
3.65
5.85
-0.8
4.75
4.45
5
5.3
4.15
5.8
3.1
5
5
15
15
14.45
18.35
10.85
16.65
7.8
13.3
9.15
12.25
13.6
12.2
13.6
15
15.8
15
13.85
14.4
14.75
15.85
15.25
16.65
15
15.25
14.15
14.4
13.05
15.8
11.95
18.05
17.5
9.2
13.3
16.1
14.4
16.7
12.8
13.35
13.6
12.25
15
16.95
15.8
15.55
7.8
13.9
18.6
20.25
14.15
13.85
13.9
16.65
12.5
7.5
16.65
16.4
13.35
17.5
16.65
10.85
21.4
12.5
10.55
17.25
12.75
18.6
11.95
16.1
16.95
14.7
16.1
16.65
11.7
13.35
13.9
15.3
14.45
13.05
10.85
5.55
15.85
12.8
15
19.7
15.55
10.55
11.7
12.75
10.55
17.5
12.2
11.4
19.75
11.1
13.9
20.8
13.05
13.9
13.85
14.4
13.6
15.25
14.45
14.75
19.15
14.2
18.6
15
11.1
13.6
15.55
15
12.5
10
13.05
13.3
16.95
16.7
17.5
14.45
19.45
15.3
17.75
16.95
18.05
11.7
13.05
-22.8
-22.8
-19.75
-19.15
-24.45
-17.2
-24.7
-25
-25
-10.55
-7.25
-17.75
-25.55
-11.4
-23.9
-19.7
-16.15
-26.95
-23.3
-22.5
-23.9
-15.55
-20.25
-21.95
-22.25
-22.2
-16.4
-12.5
-23.6
-22.5
-21.65
-18.05
-22.25
-15.8
-20.25
-23.9
-21.65
-24.7
-16.95
-20.85
-25
-19.45
-21.1
-24.7
-19.45
-23.9
-21.9
-23.6
-23.05
-17.5
-21.65
-25.55
-20.55
-20.55
-20.85
-25
-23.05
-19.75
-19.45
-18.65
-24.45
-23.35
-25.85
-16.65
8.6
8.9
3.35
3.1
10.85
10.55
7.5
7.8
8.1
11.1
8.05
6.4
8.05
10.3
3.35
8.35
8.05
6.95
4.2
4.45
8.9
8.6
10.55
4.2
8.35
6.4
10.55
0.85
6.35
8.85
4.2
8.35
8.6
8.65
5.8
9.2
7.25
7.75
5.3
8.05
6.1
10
8.65
8.9
9.75
7.25
3.9
4.45
6.4
8.05
6.9
5.85
9.15
10.3
7.8
8.1
8.6
8.3
6.4
6.95
10
3.35
9.2
9.15
10
8.6
8.9
10
-3.35
-1.1
2.2
-6.65
6.7
3.05
-3.9
-0.25
0.3
-7.5
1.1
5.3
-5
0.85
-5.3
-0.55
6.65
-11.65
-1.95
-5.3
6.65
-7.25
1.1
-5.55
-2.2
-6.65
1.1
5.55
-3.05
-5.8
-6.35
-3.05
1.95
-4.45
2.5
-5
-5.25
1.4
-5
-5.3
-0.8
-3.9
-7.5
-3.65
-11.4
-7.75
-4.45
5.3
0.8
-5
-4.2
-0.8
-3.6
-9.45
7.2
-4.45
-5.55
2.75
6.35
1.35
-3.9
6.95
-4.45
-5.8
-4.2
-4.45
0.25
-6.1
-3.35
3.9
-4.15
-1.65
-3.9
-6.65
4.75
-4.45
-0.85
-6.65
-2.75
2.5
-4.15
-3.9
-2.8
0.8
3.05
-2.25
-1.95
-2.75
1.95
-5.8
-1.35
0.3
-5.25
5.85
-7.5
-7.5
1.1
-5
0.85
-2.75
5.55
-6.95
-1.95
0.85
-5.3
-0.55
2.8
8.6
2.8
-7.2
1.95
5.3
3.6
1.65
-0.3
1.65
1.65
4.2
-8.6
1.7
2.5
1.1
2.2
3.85
2.8
1.7
4.2
2.8
2.25
0.25
1.4
6.15
-3.6
1.1
2.25
-11.95
0.55
-1.65
-2.5
1.95
1.65
-6.95
-10
-5.25
1.4
-8.05
5.3
3.05
1.1
-4.45
-9.15
1.95
0.55
6.65
-1.95
-2.2
0
1.7
-3.9
1.4
4.2
5.25
7.8
0.25
-8.35
1.95
1.95
-4.75
1.1
-2.5
3.05
-2.5
-1.65
1.95
1.65
6.4
-2.8
0.3
2.5
4.15
-6.7
0.3
-6.4
3.6
-0.55
1.65
-5.85
1.95
-4.45
-11.4
2.2
-7.5
1.1
3.3
2.5
-1.9
1.4
1.15
-11.95
-6.7
3.05
5.25
7.2
9.45
7.8
7.5
7.5
5.25
3.9
8.6
4.75
4.75
6.7
4.2
5.8
7.75
3.9
4.75
8.05
9.75
3.85
4.45
4.15
3.05
8.6
1.95
5.55
8.6
5.3
6.65
5.85
7.2
7.2
4.15
6.35
8.9
4.45
5.3
7.5
4.15
5.55
3.3
7.25
6.7
6.15
5
9.45
5.85
2.5
7.5
8.35
1.95
2.5
6.1
7.5
4.45
7.25
4.75
7.5
7.2
5
4.7
7.8
8.35
8.35
3.05
9.45
7.25
8.05
7.25
6.35
4.45
6.1
5.3
7.8
1.4
8.3
4.75
5.25
0.85
5.55
6.95
6.4
8.35
-1.95
3.9
4.7
8.6
6.95
7.8
7.8
4.7
6.1
4.75
7.25
4.45
4.75
7.5
6.15
4.2
6.15
6.95
7.8
4.45
8.05
6.4
3.9
9.45
5.8
7.25
4.2
14.75
17.25
18.05
18.9
16.65
16.95
17.75
10.85
15.25
16.1
16.95
13.6
15
20.3
13.9
15.3
20.55
17.2
16.1
20.55
17.25
14.45
17.25
17.25
15.55
16.65
18.1
18.3
12.2
16.65
17.5
15
15.3
16.35
13.05
16.65
17.2
16.35
15.55
21.1
15.55
15.55
15.8
13.9
19.75
20.8
20.25
14.2
16.4
14.45
18.6
16.95
18.1
18.3
15.3
15
18.05
13.6
15.8
15
19.15
18.35
14.7
-20.55
-16.4
-22.5
-15
-15.3
-23.05
-18.9
-14.2
-11.65
-23.05
-16.1
-12.25
-16.65
-12.25
-8.9
-18.1
-20.85
-19.15
-16.1
-18.3
-20.3
-19.7
-20.55
-6.1
-17.2
-21.95
-19.15
-14.75
-17.75
-7.2
-18.35
-16.4
-10.25
-20
-18.9
-15.55
-19.7
-18.35
-16.7
-12.8
-21.4
-18.05
-19.7
-17.75
-13.6
-17.25
-19.45
-21.95
-17.75
-19.75
-13.35
-17.25
-20
-18.05
-18.35
-18.6
-16.95
-18.85
-17.2
-18.65
-14.15
-11.9
-17.5
-11.65
-17.25
-15.6
-18.35
-14.45
-10.3
-19.15
-9.45
-13.1
-13.05
-19.15
-19.45
-22.2
-19.75
-17.75
-20.3
-20
-22.25
-18.05
-20.25
-13.9
-15.55
-21.65
-17.5
-17.75
-21.95
-20.55
-16.95
-16.1
-20.25
-16.65
-15.55
-9.15
-18.35
11.35
13.05
12.5
18.05
15.85
14.15
13.9
13.05
13.35
13.1
14.7
13.9
9.2
14.4
14.45
13.6
7.5
11.95
13.6
13.6
10.55
15.55
15
15
15.55
12.25
11.1
16.95
15.25
13.9
11.65
14.7
15
14.45
13.6
14.7
10.85
17.25
12.5
13.3
12.8
13.05
12.5
13.05
14.75
14.75
14.15
8.35
9.15
9.75
14.7
14.7
15.55
14.15
12.8
10.25
15.55
14.7
15.85
15.25
11.65
12.5
12.2
13.05
13.6
13.35
13.6
10.25
13.6
4.75
14.45
14.7
15.3
13.9
15.25
7.75
11.4
14.7
14.15
14.15
13.6
13.35
8.9
14.15
13.05
11.95
14.15
16.4
15
14.2
12.8
10.8
14.15
10
15.25
11.65
16.7
14.15
13.05
11.95
11.65
13.3
9.45
15.3
10.55
11.9
13.9
14.7
16.1
13.05
11.65
15.55
1.95
5.85
6.95
6.4
5.85
1.4
7.5
-9.75
8.6
4.4
3.35
9.7
6.4
8.05
9.15
8.3
10
10.85
7.5
6.4
9.15
10
12.25
9.45
9.2
10
10.55
9.7
3.6
5.55
7.75
8.9
7.25
6.1
4.75
-8.05
7.75
1.7
-1.65
7.25
10.55
3.05
8.35
11.1
7.5
8.1
-3.35
8.05
10.55
-3.65
9.15
9.15
7.5
8.9
8.6
9.45
4.45
8.6
8.35
9.45
7.2
9.75
9.15
8.05
10.3
9.15
5.8
10.85
11.1
9.45
8.6
0.55
8.6
2.75
7.5
8.9
8.6
9.45
8.35
8.9
3.6
10.85
-1.4
7.5
-3.65
10.55
6.65
8.6
7.75
10
3.35
9.15
1.4
-3.35
1.4
4.45
6.1
4.45
1.95
2.5
9.45
11.1
10.3
-1.4
-4.2
6.35
5.85
7.25
6.95
9.45
9.45
-3.9
6.4
9.15
9.15
7.8
-0.25
5.55
9.2
-1.7
9.2
10
13.05
6.7
9.75
6.35
8.6
5.6
8.9
2.5
5.85
4.2
5.55
8.6
11.1
6.1
5.85
6.65
8.6
8.3
4.45
10.3
9.15
2.5
10.55
9.45
-10
1.95
9.75
9.2
10
-4.75
8.6
9.2
9.45
5
8.9
9.15
3.3
10.85
6.4
9.45
2.5
-5
6.65
4.7
2.25
4.45
8.05
8.05
0.85
1.7
7.75
8.6
6.35
-2.5
0.55
13.3
7.5
5
5.85
8.6
7.5
-8.9
2.5
2.5
1.1
0.85
7.5
11.65
11.9
4.15
6.1
6.7
10.3
3.65
8.9
9.7
13.9
8.05
8.05
10.6
9.15
9.7
-1.95
12.75
3.05
1.65
0.85
5.85
4.7
5.85
-10.55
8.05
4.4
9.7
6.7
8.35
9.75
2.5
3.05
9.2
-0.55
2.75
6.95
8.35
5.55
9.75
10
0.3
9.45
9.15
7.2
8.65
10.25
16.15
4.7
8.35
5.85
8.35
-12.25
-14.45
-18.9
-11.65
-11.1
-13.6
-14.2
-6.1
-12.5
-10.3
-6.95
-8.65
-10.55
-9.7
-8.05
-2.75
-7.5
-6.4
-6.95
-9.15
-8.05
-14.75
-10.55
-12.8
-12.2
-9.2
-11.4
-10.8
-14.15
-11.1
-12.8
-15.55
-13.6
-9.15
-19.4
-7.75
-12.5
-11.1
-15.55
-11.9
-12.2
-7.2
-9.4
-11.95
-13.6
-4.7
-12.2
-8.35
-18.3
-3.05
-9.7
-16.7
-12.5
0.25
-11.95
-13.05
-11.1
-10.55
-12.5
-17.8
-13.3
-14.45
-8.35
-5.55
-10.25
-14.45
-15
-4.4
-16.4
-14.45
-6.1
-11.35
-7.25
-14.2
-11.4
-1.4
-13.35
-11.4
-12.25
-9.45
-10.8
-14.4
-14.45
-10
1.35
-15.85
-10
-17.5
-13.35
-18.35
-10.25
-10.3
-12.5
-10
-13.35
-10.55
-9.45
-6.65
-12.2
-11.65
-17.8
-11.4
-9.45
-23.9
-2.2
-0.8
-1.35
1.4
-3.05
2.25
0
0.25
0.55
-2.25
-0.55
-1.95
2.2
-1.4
-1.7
1.4
1.95
-1.4
0.6
-2.25
-1.15
3.6
3.6
-1.4
-1.1
15.85
14.15
10.6
13.9
13.05
8.9
10.6
12.5
12.25
10
13.9
11.15
10
13.6
13.05
10
12.75
10
12.5
8.35
13.3
13.6
10
13.3
11.1
10.3
9.45
12.2
11.4
8.65
13.05
15.3
9.15
13.6
13.05
13.05
10.55
8.35
11.4
12.5
9.75
11.1
11.1
6.65
7.2
8.65
7.5
13.05
15.55
12.5
15.3
9.45
12.2
6.15
10
10.25
14.2
10.3
11.4
14.75
9.45
13.05
10.8
10.3
10.85
13.05
11.65
14.75
9.7
14.2
15
11.4
10.85
12.75
14.15
8.9
7.2
13.05
8.1
12.2
3.05
0.85
0
1.15
2.5
2.25
-5.8
3.05
-0.55
-1.65
3.3
-1.7
-4.45
-2.5
1.65
-2.25
-6.7
2.5
2.2
-3.65
1.65
-4.7
-2.5
-0.85
-0.85
3.3
-0.25
2.8
-0.85
-2.8
-4.15
-1.65
-9.75
1.1
0
0.25
2.8
-3.6
1.1
-3.3
-1.4
-0.85
1.1
0.8
2.2
-7.2
0.55
-2.2
1.1
1.4
0.85
-3.65
-2.25
-0.3
1.65
-3.6
-3.85
-1.1
0.55
-3.6
-2.2
-6.1
0.8
-6.35
-0.55
-2.5
-3.05
-1.95
-0.55
-2.5
1.95
-1.1
2.75
1.4
-1.4
-4.45
2.25
-4.45
0
3.05
-0.8
-6.7
-1.35
1.7
-5
0.3
-4.15
-5.25
8.35
11.65
6.1
6.4
12.2
12.25
6.4
10.85
8.9
6.65
12.2
8.9
8.9
13.6
10
6.95
10.3
9.45
10.25
8.6
6.4
8.35
8.05
7.5
14.45
12.75
13.6
7.5
8.3
8.05
8.6
8.35
8.6
10.85
15.55
7.5
11.65
8.3
11.95
7.75
12.8
9.7
13.05
5
7.75
9.15
10.25
6.35
9.75
10.55
7.2
9.2
8.35
8.9
10
7.5
-1.1
-7.25
-10.55
-3.9
-3.05
-4.4
-9.45
-6.7
-10.55
-4.4
-8.35
-4.45
-2.75
-3.05
-4.45
-6.65
-8.05
-2.25
-4.7
-1.35
-11.1
-0.85
-9.15
-5
-3.6
-5
-9.7
-2.5
-5.85
-11.65
-6.15
-10.85
-2.25
-5
-4.15
-7.25
-14.75
-10.25
-9.75
-3.6
-9.2
-4.75
-5.55
-3.05
-1.95
-5.85
-3.3
-4.45
-2.8
-12.5
-2.5
-8.6
-5.8
-8.6
-2.25
-5.55
-3.3
-10.85
-6.4
-5
-3.6
-8.6
-1.1
-6.4
-1.95
-1.65
-2.5
-8.9
-5.8
-2.75
-3.9
-2.75
-13.65
-4.45
-8.05
-4.15
-4.45
-3.05
-6.7
-5.85
-0.55
-7.2
-7.2
-16.95
-6.95
-1.65
-8.05
-6.95
-1.95
-4.15
-5.25
-7.2
-2.5
-5.85
-4.15
-8.05
-17.75
-0.85
-5
-4.15
-4.15
-1.95
-3.35
-5
-8.6
-7.5
-5.55
-6.95
-2.75
-8.9
-10.55
-1.1
-5.55
-6.95
-4.7
-1.4
-6.4
-3.05
0.55
-7.25
-11.4
-3.35
-6.15
-7.25
-2.8
-4.15
-4.75
-17.75
-5.85
-3.85
-5.3
-2.8
-1.4
-6.7
-3.3
-2.8
-3.05
-6.7
-2.8
-1.4
-7.8
-8.6
-4.75
-16.7
-19.15
-25.25
-18.35
-15.25
-11.65
-18.9
-20.6
-20.55
-17.8
-23.85
-20.3
-16.7
-19.75
-19.15
-12.25
-21.4
-19.45
-13.05
-12.5
-16.35
-21.4
-12.5
-20
-21.35
-17.8
-13.05
-22.75
-25.8
-23.65
-17.75
-10.85
-20
-19.45
-21.35
-18.6
-18.6
-20
-24.15
-25.6
-18.85
-20.55
-16.1
-18.35
-17.8
-15.85
-17.5
-20.3
-24.15
-18.35
-21.95
-19.75
-25.3
-21.1
-20
-20
-21.65
-18.9
-13.9
-18.05
-19.45
-18.3
-23.3
-20.55
-20
-22.5
-20.55
-18.35
-21.95
-17.2
-19.7
-18.05
-18.05
-12.2
-23.35
-14.75
-20.3
-19.75
-22.8
-20.55
-25
-19.45
-18.85
-18.05
-18.9
-25
-19.7
-20.25
-20.3
-15.25
-21.9
-19.45
-16.65
-22.5
-20.55
-22.5
-20.85
-17.75
-21.7
-20.3
-22.2
-19.75
-16.1
-18.65
-23.9
-22.8
-19.15
-16.95
1.95
1.4
1.9
2.2
3.05
2.75
4.15
-4.15
4.75
2.75
0.85
-20.55
-3.05
-6.95
-0.55
-3.6
5.3
4.75
6.95
-2.5
-4.7
-3.65
2.25
-4.7
1.95
5
3.6
3.65
2.5
-7.25
-8.05
-7.8
-2.75
-3.05
-3.9
3.3
-0.85
-9.15
1.65
-6.65
5.25
1.1
3.9
-1.4
5.55
6.4
4.75
6.4
-0.8
4.2
3.9
-18.6
2.5
7.5
0
1.65
-9.7
5
-0.55
-5.85
2.25
2.5
-3.3
5
5.85
-14.7
3.05
3.35
2.75
0
2.25
0.85
5.3
-13.05
-3.05
1.4
1.9
-1.4
-14.15
-4.4
24.15
23.6
24.15
23.65
17.2
15.85
21.95
23.05
21.9
21.4
23.6
23.05
23.9
23.6
-9.7
-8.6
-8.6
10.55
-10.6
-6.1
2.5
21.4
0.55
3.35
0.55
-6.95
-11.1
2.2
-11.4
-10
0.55
3.85
-11.1
-3.05
-1.95
-5.6
-6.65
-6.9
-7.5
-13.65
-8.7
2.2
-2.8
0.8
-13.85
-8.85
-8.05
-5.3
-0.3
-5.55
0.55
-18.05
-0.25
-5.55
-11.7
-3.5
1.95
-2.95
-2.65
0.8
4.05
-3.3
-7.2
-11.35
-9.15
1.2
-8.9
-13.9
-2.8
4.9
-1.65
-1.7
-0.55
-6.4
-13.05
-6.95
-2.5
6.65
-5.1
6.7
-7.2
-10.25
-6.4
6.35
-6.1
1.7
4.15
1.95
-7.8
-7.5
-1.1
-3.3
-7.75
-7.85
-18.9
-5.8
-0.55
-8.9
3.3
-6.1
4.45
-8.4
-6.95
-9.45
-6.1
-3.65
-1.1
1.95
-12.1
-3.85
-8.9
-13.05
-4.45
-9.2
11.1
-11.1
-4.45
-14.15
-1.95
-11.65
-12.5
-5.85
-10.6
-10.15
0.55
-4.45
1.55
-10.8
-8.9
-0.55
-6.7
-3.35
-1.95
14.7
0
21.4
2.8
-9.1
-10
-3.05
-2.2
2.05
-2.5
-5.25
-8.35
-9.45
1.1
-14.4
-13.9
2.15
-10.3
-5.85
-3.6
-4.75
-11.05
-5.25
1.35
-3.8
5.3
2.8
-1.1
3.9
2.8
-6.95
5.25
-15.25
14.2
4.15
-7.5
2.75
-15.6
-7.5
-6
3.05
-1.8
-3.6
-13.85
1.4
-6.7
0.55
-6.55
1.65
0.25
-0.55
2.8
-10.85
-9.45
14.45
-3.05
-2.05
-6.1
6.1
-1.55
-3.6
-5.55
-0.85
-11.4
-5.55
-9.65
-23.1
-0.55
-4.7
-10.85
-2.6
1.4
-4.15
3.35
-8.9
5
-2.75
-17.25
-13.35
-13.85
-13.35
-13.05
-19.15
-18.05
-9.45
-10.25
-9.4
6.1
5
7.5
2.5
4.15
6.7
0.25
2.8
5.8
-14.45
-1.4
1.65
-13.35
2.75
10
2.5
3.1
10.55
-14.45
3.6
-7.5
-2.75
3.85
9.15
9.45
-12.5
2.5
-7.5
8.35
5.55
-13.3
-8.6
-13.35
1.9
5
-15
5.3
-8.05
6.1
-7.5
-7.75
2.2
-6.95
6.4
-6.4
8.6
11.1
-6.35
-6.1
8.9
3.05
0.3
9.15
-1.4
2.8
4.2
6.1
3.6
-13.05
-2.8
8.05
-11.65
-1.9
-4.15
6.7
3.9
7.5
6.65
-2.8
-15
7.5
0.55
-4.2
7.75
-13.1
7.25
-12.5
5.55
1.1
-10
0
-9.7
7.75
-11.7
-0.55
5.25
1.95
0.3
-12.2
-16.95
-12.2
1.95
-7.75
-5
6.1
-12.5
2.8
-4.75
-6.95
-13.35
-4.75
-15
-18.05
-3.85
8.6
3.05
-11.15
5.8
3.9
4.7
1.1
0.85
-15
6.95
-6.95
0.55
3.9
6.95
8.65
2.2
2.25
4.75
7.2
1.4
-13.35
-6.1
6.65
-6.35
-18.35
3.05
-15.85
-10.25
5.55
8.6
1.15
-0.8
-19.7
2.8
3.3
-4.45
6.95
6.1
-5
-6.95
3.9
-2.8
-10.85
-16.95
1.7
-3.9
-13.9
4.45
-10.85
1.4
-3.05
-2.5
-1.4
-6.4
-0.55
6.1
5.8
7.25
6.4
-13.6
-3.65
5.85
1.95
0.25
2.8
-5.85
5.55
-5
13.6
4.7
-14.15
-1.35
5
-12.75
-4.45
-9.75
7.2
3.35
7.75
-11.95
6.7
4.45
5.55
8.9
-1.1
4.15
5.8
1.65
1.95
-8.35
-4.2
-1.4
5
4.75
9.75
2.2
1.4
-9.2
-6.7
-0.55
2.2
4.75
-10.85
2.75
-8.35
1.95
4.45
-0.3
3.9
5.8
3.05
6.95
2.5
0.25
-2.2
2.25
3.05
4.45
-13.6
-13.05
1.4
-4.7
0.8
3.9
6.1
-16.4
-5
5.85
-13.05
0.8
-18.35
3.35
6.4
4.45
8.05
-0.85
1.65
-6.1
-1.65
5
-14.15
9.45
-13.9
-16.75
7.5
-12.5
-6.35
5.8
1.65
-4.7
1.95
-3.05
3.9
8.6
3.6
-12.5
-12.5
7.75
2.5
13.05
8.9
3.6
3.3
-4.4
4.15
10
-3.9
4.4
4.45
1.35
3.05
-10.85
0.6
-19.15
10.55
5
1.1
-14.15
-1.4
4.15
1.65
9.2
10.55
6.4
10.85
-5
6.35
1.95
7.2
5.85
-11.65
7.5
7.75
-4.7
-6.15
5
1.65
4.2
1.1
3.05
5.25
-2.25
0
10
-5
-0.55
0.8
-1.7
-5.25
1.95
10.85
4.45
2.25
0.85
6.95
1.1
-13.35
-11.95
-3.9
1.95
1.65
4.45
-16.15
-12.5
24.15
23.05
21.65
23.85
-15.3
20.85
22.25
24.45
21.1
22.2
23.05
21.35
23.05
23.7
19.7
22.75
-9.2
23.05
11.9
16.65
22.5
11.1
19.7
21.95
13.85
13.3
12.2
23.3
10.85
23.05
14.75
13.9
22.8
21.1
20.3
23.05
22.2
21.95
16.4
18.65
21.65
20.55
21.35
13.6
11.1
18.35
21.95
-19.15
22.5
12.2
23.1
23.05
24.2
15.85
21.9
21.1
24.45
22.25
23.6
19.2
22.5
20.55
-15
-11.95
19.2
14.15
13.05
15.55
19.15
21.1
23.6
-15.3
-15.8
0.8
-14.45
6.1
4.2
-3.05
-20.55
-14.7
-14.15
4.2
-17.5
-20.3
-15
-4.45
-2.8
-13.6
-11.1
-13.35
-15.55
5
-16.65
-4.2
-7.8
-14.2
-11.65
-20.25
-11.65
-13.85
-25
4.75
-13.9
-11.15
-15.85
-21.4
-5.85
-16.9
-14.45
-21.1
-8.35
-10.85
-14.75
-6.4
-14.7
-13.05
-8.6
-8.6
-16.95
-6.35
-15
-11.65
-13.3
-14.15
-6.7
-8.6
-2.2
-13.35
-7.5
-10.55
-4.2
-16.15
-11.95
-11.1
-9.15
-17.2
-6.1
-8.9
-15.55
-3.9
-7.1
-17.5
-23.3
-14.2
-12.2
6.1
-10
-15.3
-6.4
-5.7
11.35
-10
-11.35
8.65
-11.95
10.85
-12.2
6.9
6.65
-11.9
10
9.45
5.85
10.55
-9.15
-8.9
8.85
8.6
-11.4
17.2
8.35
12.5
12.8
11.7
11.6
-13.6
13.9
12.5
-25.25
-18.35
-11.4
13.05
-3.1
1.4
-3.85
-12.25
-24.2
-8.05
-23.85
-24.2
-16.4
12.5
-12.5
12.75
17.25
-15.25
-8.6
-17.5
-15.55
-21.1
-6.65
-4.7
-13.1
3.35
13.6
-16.1
3.1
-4.45
-16.4
-5.55
-2.75
-24.45
-10.85
13.9
-16.65
-14.75
-10.55
-23.9
-13.9
4.15
-5
11.35
-9.75
-24.4
-23.3
-15.55
-5.3
3.1
-22.2
-13.1
-19.45
-5.55
-11.7
-15.55
-13.35
-15.55
-14.45
-7.5
10.55
17.75
-25.55
-15.55
-14.4
-21.65
-22.2
-6.1
-6.95
-19.7
-20.85
-7.5
-8.6
-25.85
-14.45
-5.25
-15
-12.8
-10
-16.4
-11.15
-20.55
-24.15
-10
15.25
0
-23.1
-13.6
-8.9
-11.4
-22.2
-2.5
-18.9
-1.65
-10.85
-14.7
-22.75
-8.9
-15.3
-13.9
-4.7
-8.9
-13.35
-14.7
-11.1
-10.8
4.2
-25
-7.5
-25.85
-19.7
20.25
-25.6
-15.25
-7.75
-19.15
1.4
-12.5
-13.35
-15.8
-8.65
-10.85
-11.35
-6.35
-5.8
-8.35
-4.7
-11.95
-14.75
-2.8
-13.85
-15.55
15.25
-13.9
-13.05
-7.2
-15
-14.45
8.05
-20.55
-12.5
-12.2
-7.2
-14.2
-17.2
-11.1
-11.35
-20.55
-9.75
20.85
-10.55
-7.75
-12.75
18.6
-6.1
-3.3
8.6
12.75
-8.9
-12.2
-13.6
10.85
-13.6
-13.3
-11.4
-12.5
19.7
-15.25
-7.75
-6.95
-6.95
-13.05
-20.8
-6.35
16.1
18.9
18.6
-5.55
-7.2
-5.85
6.35
17.5
11.4
10.55
-21.95
10
21.1
-8.6
-16.65
10
-5.55
-0.55
-13.6
-6.15
14.15
-10
-13.05
-15.6
-15.25
-11.65
-7.8
-4.7
15.55
21.35
11.1
20.25
-19.15
-6.4
18.05
19.15
-8.9
11.65
0
-13.1
-12.2
12.5
1.95
-1.1
-15
-13.6
-18.9
-7.75
20.6
-8.6
-12.25
-13.05
7.25
20.55
-6.4
20.55
10.8
17.25
-14.15
-12.8
9.45
20.55
0.55
4.15
-9.4
-5.55
-4.7
-6.4
-7.75
5.3
-2.25
-9.7
-9.75
-2.8
-1.35
5.85
-5.25
-7.2
2.2
-0.3
2.5
-7.25
-1.7
2.75
3.05
-8.05
3.3
-4.7
8.9
0.55
-10.85
-3.6
-8.85
-10.85
5
2.2
-8.05
-6.65
2.5
1.7
-6.95
0.55
0.3
-10
-6.9
-6.65
-13.6
1.4
-6.1
3.05
-7.75
-5
-1.35
-2.25
0.55
1.65
-3.9
1.65
-5.55
-5.3
-7.5
0.3
-6.15
-5.3
1.15
0.55
-1.1
0
0.55
-7.75
-5
2.5
-1.35
2.2
-1.7
-3.65
-6.7
-2.25
0.3
0
-9.75
-8.6
0
0
5
2.5
-2.25
-7.25
9.4
-8.35
-8.3
-7.8
-3.6
1.1
-8.1
-3.35
-3.65
2.8
3.3
2.8
-3.9
-7.25
2.75
-7.25
3.05
-5.55
3.3
-4.15
0
0.55
-16.7
-2.5
-6.4
-0.3
2.25
-6.4
0
-0.3
-0.3
-5
1.35
1.1
-8.05
9.15
6.4
-10
-15.3
6.1
-9.75
-16.4
14.15
-13.6
-15.6
19.2
-13.05
-13.05
-11.1
-18.35
-17.5
-15
-10.8
-12.75
-14.45
-14.7
-15.6
22.5
20.25
20.8
18.6
20.85
12.25
10.3
5.85
9.75
0
5.25
4.75
9.2
3.35
9.45
11.95
8.05
6.7
7.5
2.8
-8.9
8.05
10
9.7
6.35
10.8
1.1
10
2.5
12.2
11.15
-6.65
11.15
8.6
6.4
3.9
0.55
10.3
8.05
-1.35
9.2
11.1
12.5
16.4
0.85
8.9
6.7
13.05
6.4
12.8
9.7
-3.6
2.5
13.05
11.1
8.9
-1.9
-1.7
-16.1
7.5
3.85
-1.95
0.3
9.7
10.25
11.95
12.2
10
10
5.85
-7.5
9.45
10.85
10.85
-18.6
10.6
15.25
10.3
-4.75
-13.6
-1.1
11.4
16.1
13.05
-5.85
2.5
9.15
1.9
-5.3
-21.1
-10.55
-10.25
-19.2
-12.8
-20
3.9
-9.45
-4.45
-20.25
-14.45
-3.6
-13.9
1.4
0.55
-17.8
-6.95
-1.65
1.35
-20
-16.4
-5.55
-4.75
-18.65
-4.7
-20.25
-5.55
2.25
-2.2
-15.55
-15.85
1.1
1.4
-2.2
-14.75
0
0.3
-5
0.85
-16.65
-1.1
-6.95
-1.65
-0.85
-3.6
-15.8
-13.8
-12
-17.85
-17.5
-14.95
-14.8
-15.55
-17.5
-15
-13.15
-17.2
-12.9
-14
-17.45
-16.6
-18
-15.1
-15.4
-13.65
-15.1
-15.6
-11.85
-14.25
-12.45
-11.55
-13.95
-15.2
-15.1
-13.5
-14.25
-17.4
-12.4
-13
-11.55
-15.4
-12.95
-13.8
-15.15
-8.3
-10
-9.85
-11.3
-10.15
-9.5
-9.7
-9.25
-7.2
-12.1
-11.25
-5.6
-12.6
-16.95
-16.55
-17.4
-16.75
-18
-15.05
-17.7
-17.6
-15.05
-15.6
-15.35
-13.6
-17.75
-15.45
-17.35
-17.4
-13.55
-14.3
-17.35
-16.7
-16.4
-17.35
-11.6
-11.25
-14.3
-13.95
-14.25
-14.6
-12.15
-15.45
-15.3
-12.2
-13
-14.5
-11.8
-13.7
-14.7
-9.5
-11.5
-13.45
-14.75
-12.85
-11.15
-12.55
-15.7
-12.75
-14.25
-13.4
-12.8
-13.2
-9.05
-10
-12.05
-9
-9.55
-13.6
-15.45
-12.85
-13.95
-14.4
-16.4
-14.2
-13.4
-14.15
-16.55
-13.85
-11.55
-14.35
-14.8
-15.6
-18.2
-18.25
-15.5
-20.1
-17.3
-14.55
-12.6
-11.85
-15.1
-13.2
-11.7
-12.4
-13.6
-12.15
-12.55
-11
-13
-16.25
-14.85
-15.5
-15.9
-13
-14.65
-14.55
-11.8
-17
-15.15
-13.6
-7.9
-13.95
-15.8
-4.2
-1.7
-14.6
-15.4
-17.6
-15.9
-9.1
-10.6
-11.3
-11.2
-14.6
-14.15
-13.1
-14.45
-14.25
-10.25
-8.6
-5.6
-5.2
-2.85
-9.55
-11.35
-16.9
-20.1
-10.25
-10.95
-15.1
-16.1
-14.2
-9.9
-18.25
-14.2
-11.65
-13.9
-18.25
-9.9
-14.5
-18.05
-12.95
-15.15
-14.2
-12.6
-16.35
-15.7
-16.65
-19.45
-16.9
-14.1
-14.95
-17.6
-14.35
-17.75
-9.25
-10.85
-12.65
-11.3
-10.35
-11.4
-10.5
-8.75
-8.35
-8.45
-10.3
-9.35
-12.85
-14.25
-15.1
-17.35
-13.8
-15.3
-16.15
-12.7
-20.2
-13.5
-15.95
-16.9
-16.9
-18.95
-12.45
-13.95
-14.5
-21.75
-18.4
-16.6
-17.45
-17.95
-19.55
-18.9
-18.9
-21.3
-18.05
-18.25
-17.85
-15.9
-22.45
-18.2
-21.45
-13.65
-17
-17
-20.05
-21.1
-19.95
-18.35
-16.3
-13.55
-16.3
-17.9
-17.35
-17.45
-17.05
-16.1
-17.5
-17.85
-18
-17.1
-18.7
-17.95
-21.2
-15.2
-15.45
-14.35
-14.8
-16.55
-14.5
-19.85
-14.95
-13.4
-13.85
-14.2
-8.1
-5.8
-11.65
-14.15
-16.65
-15.75
-17.15
-13.55
-12.6
-18.15
-24.95
-20.55
-16.85
-14.25
-26.05
-21.05
-19.7
-15.75
-16.35
-21.15
-16.45
-14.9
-15.35
-17.35
-16.8
-14.75
-15.2
-14.25
-16.7
-17.8
-14.3
-17.6
-13.3
-12.3
-13.55
-11.35
-16.5
-13.8
-12.5
-17.45
-15.3
-13.25
-13.6
-12.85
-17.7
-13.4
-17.5
-16.6
-15.9
-14.45
-15.85
-16.35
-13.5
-16.6
-16.85
-12.7
-12.95
-18.7
-13.75
-18.35
-15.9
-15.05
-14.25
-11.75
-13.55
-15.2
-13.75
-15.7
-15.2
-15.4
-15.6
-13.4
-16.4
-14.1
-10.5
-16.7
-18
-15
-14.45
-12.45
-14.2
-12.55
-18.4
-15.3
-15.4
-16.9
-16.5
-19.1
-14.1
-17.65
-16.15
-14.4
-15.3
-19.15
-10.15
-16.8
-8
-8.2
-9
-7.45
-8.05
-11.15
-6
-10.35
-11.25
-12.2
-15.45
-12.25
-14
-10.7
-13.1
-14.25
-12.35
-17.95
-11.5
-13.2
-11.65
-14.4
-12.95
-13.2
-14
-14.6
-12.85
-13.9
-13.75
-12.7
-16.15
-17
-15.6
-17.2
-14.2
-11.65
-11.5
-14.1
-14
-12.35
-17.45
-14.9
-13.6
-13.35
-8.55
-7.35
-12.15
-11.8
-8
-10.85
-9
-6.25
-16
-8.7
-10.3
-7.4
-13.1
-15.05
-12.65
-11.95
-13.8
-17.85
-10.35
-13.4
-14.2
-13.2
-17.9
-17.65
-13.1
-15.35
-18.6
-16.05
-12.15
-11.2
-15.85
-13.05
-16.55
-13.45
-14.55
-12.75
-12.6
-14
-13.9
-10.2
-14.55
-11.9
-12.95
-7.65
-9.6
-8.6
-9.45
-8.95
-11.65
-11.15
-11.15
-12
-13.65
-14.2
-16.1
-16.65
-13.4
-13.25
-8.95
-12.75
-14
-15.35
-12.15
-16.4
-14.8
-11.4
-10.65
-12.25
-14.75
-10.4
-12.1
-14.4
-13.05
-13.6
-13.75
-7.05
-7.05
-8.5
-5.3
-7.75
-8.55
-9
-6.2
-6.95
-5.8
-8.65
-9.85
-9.9
-10.3
-12.2
-14.45
-14.05
-17.95
-17.3
-9.65
-14
-12.25
-11.15
-13.85
-13.2
-11.05
-16.2
-12.35
-14.25
-12.7
-11.85
-18.85
-15.15
-12.9
-10.05
-14.1
-13.35
-13.9
-12.85
-14.05
-10.8
-10.3
-13.85
-11.7
-9.45
-10.35
-12.7
-11.4
-6.6
-8
-8.25
-9.3
-6.4
-4.65
-6.95
-5.15
-6.7
-8.6
-8.6
-12.65
-12.2
-8.05
-13.75
-6.5
-15.5
-9.75
-8.7
-7.85
-15.2
-10.65
-9.55
-10.55
-12.35
-13.55
-12.4
-11.45
-12.1
-11.9
-7
-6.25
-5.05
-5.75
-7.2
-3.35
-11
-10.1
-6.1
-10.4
-9.9
-6.8
-9.9
-6.75
-10.05
-7.05
-12.9
-5.25
-5.2
-5.4
-4.9
-7.3
-6
-6.15
-5.9
-5.65
-5.9
-8.7
-4.6
-7.2
-6.95
-7.8
-9.5
-6.9
-7.45
-7.2
-6
-7.1
-5.15
-4.3
-3.8
-5.5
-4.1
-5.7
-7.45
-7.4
-8.2
-10.15
-8.3
-6.25
-8.45
-10.45
-10.15
-8.95
-10
-11.3
-9.3
-7.2
-10.4
-5.55
-9.1
-9.9
-8.6
-8.25
-7.95
-9.2
-5.75
-4.7
-5.3
-3
-3.7
-1.35
-1.25
-2.7
-0.75
-3.35
-0.5
-0.75
-5.35
-5
-6.15
-5.25
-7.2
-5.1
-6.6
-5.65
-8.05
-6.6
-6.05
-6.6
-8.3
-6.75
-4.6
-4
-7.6
-4.8
-6.5
-6
-3.2
-3.3
-3.25
-1.55
-0.15
-2
-0.8
0.05
-1.2
-2.55
-2.8
-2.65
-2.75
-1.3
-1.2
-0.5
-1.55
-0.7
-0.95
-2.45
-1.5
-2.35
-1.65
0.4
-0.55
-0.6
-3
0.45
-5.35
-4.65
-2.45
-2.4
-3.75
-3.1
-1.35
-1.65
-0.7
0.95
-2.4
0.3
-2.05
-2.4
-0.95
-1.9
-2.85
-2.7
-3.9
-2.3
-1.4
-2.9
-2.1
-3.1
-1.85
-3.55
-0.5
-3.35
-4.05
-6.3
-5.55
-5.3
-6.55
-3.9
-4.1
0.35
-2.75
-1.2
-0.85
1.1
-1.45
0.4
-0.75
-0.4
-2.4
1.25
1.4
-3.7
-3.25
1.85
-6.5
-1.3
1
-0.75
1.15
-4.4
-4.35
-4.3
-0.8
-1.5
-3.9
-3.75
-3.75
-0.7
0.75
-1.8
0.8
2.6
1.65
2.55
0.6
0.9
4.75
0.35
-5.15
-1.8
-5.85
-4.3
1.6
-0.6
-2.6
-1.95
-2.15
-1.85
-5.7
-13.3
1.3
-3
-3.5
-0.95
-4.25
-1.95
-3.85
2.2
1.55
-10.75
-16.6
0.6
0.5
1.7
-0.5
1.45
2.4
0.8
-2
0.75
-7.15
-10.7
-0.55
1.7
1.35
2.85
-0.05
0.65
-3.9
-4
-7.5
0.65
3.1
-7
2.8
2.9
-9.35
-8.25
-7.1
-7.25
-12.95
-14.65
-15.75
-7.95
-12.7
-14.05
-13.25
-6.6
-9.6
-0.75
1.7
1.35
-3.9
-6.75
-12
-15.3
-10.35
-11.8
-17.45
-11.2
-0.95
3.15
9.2
-12.95
7
9.45
8.05
9.45
6.95
8.35
1.4
1.2
-4.9
2.3
11.7
10.55
-15.2
9.2
10.55
8.35
9.45
5.55
7.25
-15.15
3.9
21.25
7.15
14.2
13.6
15.2
11.2
11.4
10.55
12.5
6.65
11.7
20.8
6.1
23.05
21.1
22.5
11.1
9.75
10.85
22.5
11.7
9.15
11.4
14.2
4.15
15.55
9.7
18.9
1.4
15.55
10.25
5
8.35
7.25
9.2
-8.55
3.6
-7.4
-5.45
5.3
-8.55
14.7
13.65
-0.2
-6.55
10.85
-1.85
8.6
5.55
6.35
-3.8
-7.65
-3.55
3.1
4.45
0.9
-3.25
2.8
-7.1
1.1
-8.2
5
-2.1
2.2
-3
11.9
-7.1
-4.35
4.45
-4.05
-9.65
-22.4
-1.1
-17.7
-5
-14.8
-5.9
-6.85
-6.55
-26.75
-8.5
-4.25
-21.15
-12.4
-10.05
-14.95
2.75
0.6
5.75
0.85
0.05
2
3.35
2.85
7.5
5.85
5.05
10
6.95
7.25
-12.95
7.5
-0.8
-10.15
-7.7
-0.25
-0.5
-5.15
-5.2
7.5
7
-1.6
2.25
2.3
4.2
5.55
5
3.05
9.45
6.1
-9.6
6.65
7.55
9.75
-19.4
-26.1
21.4
22.5
20.85
20.85
22.5
20.25
20
23.3
23.6
26.1
22.25
24.75
22.25
22.25
21.95
23.05
25.25
26.1
22.5
22.2
21.4
22.5
24.15
18.35
25.3
23.6
22.25
21.95
27.2
23.9
15.8
9.45
9.7
18.3
13.3
12.2
17.2
7.2
13.05
10.85
13.05
11.7
18.3
8.6
11.95
8.3
15.55
15.25
11.35
8.05
7.5
6.95
12.25
12.25
11.35
11.4
13.6
-3.6
6.4
19.2
16.15
13.9
12.5
13.05
9.75
10.8
9.75
10
10.55
16.1
11.1
14.15
11.4
12.25
21.1
21.1
15.55
13.6
21.7
18.05
13.9
16.15
16.1
13.05
20.55
10
20.3
17.5
5.3
5
9.15
19
16.4
20.25
20.25
22.75
7.8
14.15
11.4
9.75
23.3
22.8
14.7
11.95
16.35
16.4
13.65
10.3
21.7
20.85
16.95
12.2
20.3
22.8
16.4
21.1
11.7
7.8
19.45
18.6
12.2
10.85
21.95
4.2
3.6
-7.95
13.35
-6.3
13.05
9.2
11.15
9.15
5.85
4.45
4.7
2.5
-0.5
5.25
3.9
-1.05
-3.8
-2.4
-4.65
16.65
2.8
6.65
1.4
-6.85
16.35
5.85
11.95
-1.1
-4.9
-10.7
-9.65
-8.25
-2.15
-4.9
-8.2
0.25
-7.4
2.25
0.6
-7.7
0.35
0.3
-1.05
-7.45
-6.6
-4.1
6.45
8.05
4.75
8.35
8.35
9.45
10
4.8
9.4
4.5
8.6
8.9
8.05
6.65
-0.5
4.15
2.25
7.3
6.7
2.55
8.9
7.5
5.25
-10.55
8.05
6.95
9.15
9.15
3.35
3.65
7.75
4.5
8.85
2.85
6.4
6.1
8.05
8.3
10.85
9.45
0.25
1.65
8.9
-4.15
0.05
-2.75
-0.25
7.2
9.15
1.15
5.3
-2.2
3.6
-1.65
1.15
0.05
2.25
-1.6
-4.05
-4.15
-1.6
-1.05
-8.3
0.35
-1.9
5.25
-10.75
0.6
-3.8
8.1
1.7
-11
8.6
-1.6
6.1
9.2
8.35
-9.35
-8.5
-22.4
-18.5
-23.2
-24.9
-26.55
-19.9
-7.95
-4.05
-14.65
-0.8
-26.65
-11.85
-19.9
-15.15
-19.9
-2.15
-9.35
-12.7
-20.2
-2.7
-2.7
-12.15
-11.55
-15.2
-12.1
-15.75
-16.85
-20.75
-4.6
-15.45
-4.6
-10.45
-21.3
-13.6
22.8
24.2
9.45
21.35
6.15
1.9
23.85
25.55
24.45
24.7
24.75
-3.55
-2.75
-0.5
1.15
1.45
5.3
-4.65
2.8
-8.8
-7.95
-9.9
-4.1
-10.75
-15.15
-14.9
-1.1
-16
-11.7
-11.3
-11.85
-10.45
-14.6
-16
3.4
-9.65
-11.3
1.7
3.95
12.25
11.35
10
9.4
-6
-12.7
5.05
-0.8
7.25
-16.55
4.75
3.4
-14.15
4.2
-8.9
10.85
-15.45
6.95
2.85
6.95
-7.4
-3.3
-0.5
11.65
6.4
8.9
-8.25
8.05
-0.25
8.3
7.8
7
9.75
5.6
7.8
9.15
4.2
5.3
8.35
8.05
10
8.35
5.9
6.4
6.1
7.5
19.6
15.95
5.95
4.75
9.9
5.4
-2.95
1.1
-18.5
-14.35
-14.1
-15.2
-14.9
-17.15
-6.9
-20.75
-21.3
-11.25
-16.55
-17.4
-19.05
-14.1
-17.4
-16
-15.75
-14.65
-11.85
-11.6
-15.15
-23.8
-18.55
-20.45
-21.3
-21
-17.95
-14.9
-10.7
-2.45
-6.95
-13.5
-8.8
-9.6
-8.5
-9.65
-5.45
-18.55
-11.6
-19.05
-11
-17.1
-2.7
-9.35
-14.6
-19.9
-2.45
-13.8
-14.45
-9.65
-10.45
-9.6
-1.1
-16.3
-3.25
1.2
0.3
-1.35
-23.8
-6.3
5.3
-0.8
8.05
2.3
-0.25
-1.1
0.9
3.1
0.3
1.45
2
-2.45
3.9
1.15
3.65
3.1
1.45
-2.2
2
-1.9
4.75
10
-1.65
6.4
4.8
7.25
5.8
5.85
3.9
2.8
8.05
6.1
4.7
7.75
4.45
5.55
7.5
6.3
4.9
7.6
4.1
2.8
6.95
1.95
4.2
3.9
1.5
-0.25
-2.75
1.4
-4.65
-3.3
2.85
4.45
-5.5
-17.5
0.35
-2.45
0.05
-1.6
3.9
2.55
2.25
3.05
0.9
-2.15
-2.75
2.75
1.95
-10.55
-4.05
2.65
3.35
-17.2
-4.7
-10.2
-8.8
-11
-11.35
-5.85
-13.85
-16.3
-16.25
-15.45
-17.95
-16.35
3.95
5.3
8.1
3.65
4
2.65
0.8
-14.45
10.3
2.8
-9.8
-1.3
9.05
7.4
6.75
-12.45
-11.7
2.25
17.2
19.45
14.15
9.2
4.2
22.8
8.85
22.2
14.7
11.4
21.1
7.25
21.35
7.5
21.65
15
15
17.8
5.85
21.1
11.4
5.8
16.95
16.95
18.3
13.9
17.5
9.85
11.3
-5.45
3.35
10
8.9
2.25
9.45
4.45
-1.6
2.8
11.1
4.7
5.25
-4.05
3.6
16.1
-3.5
17.8
4.15
7.5
4.45
3.1
1.7
5.85
-3.6
-3.6
8.1
15.95
8.8
7.85
-9.4
12.5
8.65
-1.6
6.15
7.8
9.4
2.55
-1.9
8.6
4.5
5.05
7.5
4.75
7.8
2.85
-0.5
-0.2
2.3
8.35
4.75
7.5
8.85
3.95
7.75
9.15
9.4
9.75
7.75
4.5
9.75
3.1
7.75
7.75
3.65
3.5
6.45
6.25
1.35
-12.6
-2.2
-9.35
-8.4
7.8
-8.55
-9.4
-21.6
-19.7
-20.8
-4.9
20.4
22.8
23.35
13
8.6
8.05
16.9
9.25
21.5
10.6
14.7
10.35
10.85
10.8
20.65
22.5
22.75
22.25
18.9
14.5
13.1
13.6
11.15
11.15
10.55
16.95
5.25
19.8
5.25
3.8
1.7
-1.6
13.8
17.75
14.45
21.4
25.85
23.05
24.75
24.7
21.7
23.95
22.35
-11
-14.9
-16.55
-16.55
5
-7.4
-1.35
-14.1
-10.2
-6.1
3.95
-15.75
-15.2
-12.4
-15.15
-10.45
3.05
-6.05
5.05
10.3
10
12.25
10.55
-13.25
10
10.8
-6.95
-1.9
12.75
5.3
12.5
7.8
8.35
4.5
9.15
6.4
7.55
8.85
-5.25
6.95
5.3
4.25
8.15
10.55
19.7
20.25
13.3
10.55
21.7
16.95
11.35
13.3
10.55
15
19.7
14.2
16.7
18.65
14.2
13.1
8.35
11.95
19.7
14.45
11.95
13.9
13.05
23.05
14.7
14.45
9.45
4.45
8.35
7.5
6.4
5.55
4.2
9.15
8.9
0.9
9.75
22.75
23.05
22.5
19.7
21.7
15.55
10.55
19.2
6.7
-6.85
8.6
12.2
15.85
0.35
-3.55
0
1.15
-3.5
8.9
6.1
-1.35
-10.45
6.95
1.7
-9.65
-12.1
-15.3
-10.75
-15.2
-12.7
-15.7
-14.3
-15.2
-14.35
-18.5
-14.9
-12.15
-14.1
-21.3
-11.35
-16.85
-14.9
-10.8
-17.95
-14.35
-19.35
-12.9
-12.75
-17.9
-16.75
-17.65
-20.45
-13.55
-14
-15.7
-15.5
-15.6
-18.6
-14.15
-6.3
-4.9
-16.6
-4.35
-18.9
-20.7
-1.85
-9.35
-15.15
-9.9
-19.6
-3.3
2.8
2.8
0.6
-4.7
-1.85
3.9
3.35
1.2
3.1
0.6
2.8
4.2
1.45
3.65
0.85
-6.05
2.55
8.3
-6.3
-1.85
-8.35
-1.6
8.6
6.7
-0.75
9.45
6.65
7.75
-5.25
8.05
9.15
11.95
-2.2
9.45
8.05
4.5
1.7
9.7
0.3
-7.15
0.3
-1.35
-1.85
-2.45
8.9
4.15
-1.05
0.9
-7.7
-16.3
-7.15
-0.75
1.4
1.4
0.05
-1.05
-12.15
4.75
-2.15
-8.5
-3.5
-6.3
-10.3
-15.75
-24.35
-22.7
-13.25
-11
-18
-10.45
-13.55
-16.3
-24.05
-16
-25.15
-17.1
-16.05
-13.8
-2.15
-8.8
-8.5
-10.45
-15.45
-8
-14.65
-21
-3.8
-12.3
-12.55
-4.95
-6.8
-3.85
-9.55
26.5
26.15
26.9
24.2
25.45
27.4
26.7
25.5
-8.7
1.95
-0.2
-0.25
1.1
1.15
2.4
3.45
12.1
9.65
11.7
11.25
15.05
26.6
25.85
26.35
26.35
25.1
23
29.9
21.05
28.15
20.15
